[id][cost,state,father_id,action,depth,h,value]
[0][0,(0, 0),None,None,0,73,1.0]
[1][4,(0, 1),0,E,1,72,0.5]
[3][5,(0, 2),1,E,2,71,0.3333333333333333]
[6][8,(1, 2),3,S,3,70,0.25]
[11][10,(1, 1),6,O,4,71,0.2]
[14][13,(2, 1),11,S,5,70,0.16666666666666666]
[19][14,(2, 2),14,E,6,69,0.14285714285714285]
[24][16,(2, 3),19,E,7,68,0.125]
[27][19,(1, 3),24,N,8,69,0.1111111111111111]
[31][20,(0, 3),27,N,9,70,0.1]
[35][21,(0, 4),31,E,10,69,0.09090909090909091]
[37][24,(0, 5),35,E,11,68,0.08333333333333333]
[40][27,(0, 6),37,E,12,67,0.07692307692307693]
[43][30,(0, 7),40,E,13,66,0.07142857142857142]
[46][32,(0, 8),43,E,14,65,0.06666666666666667]
[49][34,(0, 9),46,E,15,64,0.0625]
[52][35,(0, 10),49,E,16,63,0.058823529411764705]
[55][39,(0, 11),52,E,17,62,0.05555555555555555]
[57][41,(0, 12),55,E,18,61,0.05263157894736842]
[60][43,(0, 13),57,E,19,60,0.05]
[63][44,(0, 14),60,E,20,59,0.047619047619047616]
[66][47,(0, 15),63,E,21,58,0.045454545454545456]
[69][48,(0, 16),66,E,22,57,0.043478260869565216]
[72][49,(0, 17),69,E,23,56,0.041666666666666664]
[75][50,(0, 18),72,E,24,55,0.04]
[78][51,(1, 18),75,S,25,54,0.038461538461538464]
[81][52,(2, 18),78,S,26,53,0.037037037037037035]
[84][54,(2, 17),81,O,27,54,0.03571428571428571]
[87][55,(3, 17),84,S,28,53,0.034482758620689655]
[93][56,(3, 16),87,O,29,54,0.03333333333333333]
[94][57,(2, 16),93,N,30,55,0.03225806451612903]
[99][58,(2, 15),94,O,31,56,0.03125]
[100][61,(1, 15),99,N,32,57,0.030303030303030304]
[107][62,(1, 14),100,O,33,58,0.029411764705882353]
[111][63,(1, 13),107,O,34,59,0.02857142857142857]
[114][66,(1, 12),111,O,35,60,0.027777777777777776]
[118][69,(1, 11),114,O,36,61,0.02702702702702703]
[121][70,(2, 11),118,S,37,60,0.02631578947368421]
[124][71,(2, 10),121,O,38,61,0.02564102564102564]
[125][73,(1, 10),124,N,39,62,0.025]
[130][74,(1, 9),125,O,40,63,0.024390243902439025]
[134][75,(1, 8),130,O,41,64,0.023809523809523808]
[138][78,(1, 7),134,O,42,65,0.023255813953488372]
[142][79,(1, 6),138,O,43,66,0.022727272727272728]
[145][81,(1, 5),142,O,44,67,0.022222222222222223]
[149][82,(1, 4),145,O,45,68,0.021739130434782608]
[152][83,(2, 4),149,S,46,67,0.02127659574468085]
[155][84,(2, 5),152,E,47,66,0.020833333333333332]
[158][87,(3, 5),155,S,48,65,0.02040816326530612]
[161][88,(4, 5),158,S,49,64,0.02]
[170][89,(4, 4),161,O,50,65,0.0196078431372549]
[173][92,(4, 3),170,O,51,66,0.019230769230769232]
[175][95,(5, 3),173,S,52,65,0.018867924528301886]
[178][98,(5, 2),175,O,53,66,0.018518518518518517]
[179][100,(4, 2),178,N,54,67,0.01818181818181818]
[183][101,(3, 2),179,N,55,68,0.017857142857142856]
[187][104,(3, 1),183,O,56,69,0.017543859649122806]
[191][106,(3, 0),187,O,57,70,0.017241379310344827]
[193][109,(4, 0),191,S,58,69,0.01694915254237288]
[195][112,(4, 1),193,E,59,68,0.016666666666666666]
[198][113,(5, 1),195,S,60,67,0.01639344262295082]
[203][114,(5, 0),198,O,61,68,0.016129032258064516]
[206][115,(6, 0),203,S,62,67,0.015873015873015872]
[208][117,(6, 1),206,E,63,66,0.015625]
[211][119,(6, 2),208,E,64,65,0.015384615384615385]
[214][120,(6, 3),211,E,65,64,0.015151515151515152]
[218][121,(6, 4),214,E,66,63,0.014925373134328358]
[221][123,(5, 4),218,N,67,64,0.014705882352941176]
[226][127,(5, 5),221,E,68,63,0.014492753623188406]
[229][128,(6, 5),226,S,69,62,0.014285714285714285]
[232][129,(6, 6),229,E,70,61,0.014084507042253521]
[235][132,(6, 7),232,E,71,60,0.013888888888888888]
[238][135,(5, 7),235,N,72,61,0.0136986301369863]
[241][136,(4, 7),238,N,73,62,0.013513513513513514]
[246][140,(4, 8),241,E,74,61,0.013333333333333334]
[266][141,(3, 8),246,N,75,62,0.013157894736842105]
[269][144,(3, 9),266,E,76,61,0.012987012987012988]
[271][145,(3, 10),269,E,77,60,0.01282051282051282]
[275][146,(3, 11),271,E,78,59,0.012658227848101266]
[279][149,(3, 12),275,E,79,58,0.0125]
[283][150,(3, 13),279,E,80,57,0.012345679012345678]
[288][153,(4, 13),283,S,81,56,0.012195121951219513]
[291][157,(4, 14),288,E,82,55,0.012048192771084338]
[297][158,(4, 15),291,E,83,54,0.011904761904761904]
[308][159,(4, 16),297,E,84,53,0.011764705882352941]
[315][160,(4, 17),308,E,85,52,0.011627906976744186]
[319][162,(5, 17),315,S,86,51,0.011494252873563218]
[324][164,(5, 16),319,O,87,52,0.011363636363636364]
[328][168,(5, 15),324,O,88,53,0.011235955056179775]
[332][169,(5, 14),328,O,89,54,0.011111111111111112]
[335][172,(6, 14),332,S,90,53,0.01098901098901099]
[338][176,(6, 13),335,O,91,54,0.010869565217391304]
[340][177,(7, 13),338,S,92,53,0.010752688172043012]
[348][178,(7, 12),340,O,93,54,0.010638297872340425]
[351][180,(7, 11),348,O,94,55,0.010526315789473684]
[352][183,(6, 11),351,N,95,56,0.010416666666666666]
[356][184,(6, 10),352,O,96,57,0.010309278350515464]
[359][185,(7, 10),356,S,97,56,0.01020408163265306]
[383][188,(8, 10),359,S,98,55,0.010101010101010102]
[387][191,(8, 9),383,O,99,56,0.01]
[388][192,(7, 9),387,N,100,57,0.009900990099009901]
[392][195,(7, 8),388,O,101,58,0.00980392156862745]
[396][197,(7, 7),392,O,102,59,0.009708737864077669]
[401][198,(7, 6),396,O,103,60,0.009615384615384616]
[404][200,(7, 5),401,O,104,61,0.009523809523809525]
[408][204,(7, 4),404,O,105,62,0.009433962264150943]
[411][205,(8, 4),408,S,106,61,0.009345794392523364]
[415][207,(8, 3),411,O,107,62,0.009259259259259259]
[418][211,(8, 2),415,O,108,63,0.009174311926605505]
[419][213,(7, 2),418,N,109,64,0.00909090909090909]
[426][215,(7, 1),419,O,110,65,0.009009009009009009]
[429][216,(7, 0),426,O,111,66,0.008928571428571428]
[432][217,(8, 0),429,S,112,65,0.008849557522123894]
[434][220,(8, 1),432,E,113,64,0.008771929824561403]
[438][223,(9, 1),434,S,114,63,0.008695652173913044]
[443][224,(9, 0),438,O,115,64,0.008620689655172414]
[446][227,(10, 0),443,S,116,63,0.008547008547008548]
[448][228,(10, 1),446,E,117,62,0.00847457627118644]
[451][229,(10, 2),448,E,118,61,0.008403361344537815]
[454][231,(9, 2),451,N,119,62,0.008333333333333333]
[459][232,(9, 3),454,E,120,61,0.008264462809917356]
[463][234,(10, 3),459,S,121,60,0.00819672131147541]
[466][235,(10, 4),463,E,122,59,0.008130081300813009]
[470][237,(10, 5),466,E,123,58,0.008064516129032258]
[474][238,(10, 6),470,E,124,57,0.008]
[476][241,(9, 6),474,N,125,58,0.007936507936507936]
[480][245,(9, 7),476,E,126,57,0.007874015748031496]
[490][248,(8, 7),480,N,127,58,0.0078125]
[495][250,(8, 8),490,E,128,57,0.007751937984496124]
[498][252,(9, 8),495,S,129,56,0.007692307692307693]
[501][253,(9, 9),498,E,130,55,0.007633587786259542]
[505][255,(9, 10),501,E,131,54,0.007575757575757576]
[509][259,(9, 11),505,E,132,53,0.007518796992481203]
[512][262,(8, 11),509,N,133,54,0.007462686567164179]
[515][263,(8, 12),512,E,134,53,0.007407407407407408]
[519][267,(9, 12),515,S,135,52,0.007352941176470588]
[522][268,(9, 13),519,E,136,51,0.0072992700729927005]
[524][271,(8, 13),522,N,137,52,0.007246376811594203]
[529][272,(8, 14),524,E,138,51,0.007194244604316547]
[531][273,(9, 14),529,S,139,50,0.007142857142857143]
[534][275,(10, 14),531,S,140,49,0.0070921985815602835]
[539][279,(10, 13),534,O,141,50,0.007042253521126761]
[542][280,(10, 12),539,O,142,51,0.006993006993006993]
[546][281,(10, 11),542,O,143,52,0.006944444444444444]
[549][284,(10, 10),546,O,144,53,0.006896551724137931]
[553][285,(10, 9),549,O,145,54,0.00684931506849315]
[556][286,(10, 8),553,O,146,55,0.006802721088435374]
[560][288,(10, 7),556,O,147,56,0.006756756756756757]
[563][289,(11, 7),560,S,148,55,0.006711409395973154]
[568][291,(11, 6),563,O,149,56,0.006666666666666667]
[571][294,(11, 5),568,O,150,57,0.006622516556291391]
[574][296,(11, 4),571,O,151,58,0.006578947368421052]
[577][297,(11, 3),574,O,152,59,0.006535947712418301]
[581][298,(11, 2),577,O,153,60,0.006493506493506494]
[585][299,(11, 1),581,O,154,61,0.0064516129032258064]
[589][303,(11, 0),585,O,155,62,0.00641025641025641]
[592][306,(12, 0),589,S,156,61,0.006369426751592357]
[595][308,(13, 0),592,S,157,60,0.006329113924050633]
[599][309,(14, 0),595,S,158,59,0.006289308176100629]
[601][313,(14, 1),599,E,159,58,0.00625]
[603][317,(13, 1),601,N,160,59,0.006211180124223602]
[606][318,(13, 2),603,E,161,58,0.006172839506172839]
[608][322,(12, 2),606,N,162,59,0.006134969325153374]
[613][323,(12, 3),608,E,163,58,0.006097560975609756]
[616][324,(12, 4),613,E,164,57,0.006060606060606061]
[620][327,(12, 5),616,E,165,56,0.006024096385542169]
[624][329,(12, 6),620,E,166,55,0.005988023952095809]
[627][330,(12, 7),624,E,167,54,0.005952380952380952]
[630][332,(13, 7),627,S,168,53,0.005917159763313609]
[635][333,(13, 6),630,O,169,54,0.0058823529411764705]
[637][334,(13, 5),635,O,170,55,0.005847953216374269]
[640][335,(14, 5),637,S,171,54,0.005813953488372093]
[644][338,(14, 4),640,O,172,55,0.005780346820809248]
[646][339,(15, 4),644,S,173,54,0.005747126436781609]
[650][343,(15, 3),646,O,174,55,0.005714285714285714]
[654][344,(15, 2),650,O,175,56,0.005681818181818182]
[666][345,(15, 1),654,O,176,57,0.005649717514124294]
[671][349,(15, 0),666,O,177,58,0.0056179775280898875]
[674][350,(16, 0),671,S,178,57,0.00558659217877095]
[676][352,(16, 1),674,E,179,56,0.005555555555555556]
[678][355,(16, 2),676,E,180,55,0.0055248618784530384]
[681][358,(16, 3),678,E,181,54,0.005494505494505495]
[685][359,(17, 3),681,S,182,53,0.00546448087431694]
[690][360,(17, 2),685,O,183,54,0.005434782608695652]
[693][364,(17, 1),690,O,184,55,0.005405405405405406]
[696][367,(17, 0),693,O,185,56,0.005376344086021506]
[699][368,(18, 0),696,S,186,55,0.0053475935828877]
[701][369,(19, 0),699,S,187,54,0.005319148936170213]
[703][371,(19, 1),701,E,188,53,0.005291005291005291]
[706][374,(19, 2),703,E,189,52,0.005263157894736842]
[711][375,(19, 3),706,E,190,51,0.005235602094240838]
[713][377,(18, 3),711,N,191,52,0.005208333333333333]
[718][379,(18, 4),713,E,192,51,0.0051813471502590676]
[722][383,(17, 4),718,N,193,52,0.005154639175257732]
[725][384,(16, 4),722,N,194,53,0.005128205128205128]
[730][388,(16, 5),725,E,195,52,0.00510204081632653]
[733][390,(16, 6),730,E,196,51,0.005076142131979695]
[739][391,(15, 6),733,N,197,52,0.005050505050505051]
[743][392,(14, 6),739,N,198,53,0.005025125628140704]
[746][393,(14, 7),743,E,199,52,0.005]
[750][394,(14, 8),746,E,200,51,0.004975124378109453]
[753][398,(13, 8),750,N,201,52,0.0049504950495049506]
[757][402,(13, 9),753,E,202,51,0.0049261083743842365]
[761][403,(13, 10),757,E,203,50,0.004901960784313725]
[775][405,(12, 10),761,N,204,51,0.004878048780487805]
[779][407,(12, 11),775,E,205,50,0.0048543689320388345]
[786][408,(12, 12),779,E,206,49,0.004830917874396135]
[789][411,(12, 13),786,E,207,48,0.004807692307692308]
[793][415,(13, 13),789,S,208,47,0.004784688995215311]
[802][417,(13, 12),793,O,209,48,0.004761904761904762]
[805][420,(14, 12),802,S,210,47,0.004739336492890996]
[809][421,(14, 11),805,O,211,48,0.0047169811320754715]
[813][422,(14, 10),809,O,212,49,0.004694835680751174]
[819][423,(14, 9),813,O,213,50,0.004672897196261682]
[822][424,(15, 9),819,S,214,49,0.004651162790697674]
[825][428,(15, 10),822,E,215,48,0.004629629629629629]
[831][430,(15, 11),825,E,216,47,0.004608294930875576]
[835][432,(16, 11),831,S,217,46,0.0045871559633027525]
[838][434,(16, 12),835,E,218,45,0.0045662100456621]
[840][437,(15, 12),838,N,219,46,0.004545454545454545]
[845][438,(15, 13),840,E,220,45,0.004524886877828055]
[848][439,(15, 14),845,E,221,44,0.0045045045045045045]
[855][442,(15, 15),848,E,222,43,0.004484304932735426]
[859][443,(15, 16),855,E,223,42,0.004464285714285714]
[861][444,(15, 17),859,E,224,41,0.0044444444444444444]
[864][448,(14, 17),861,N,225,42,0.004424778761061947]
[867][449,(13, 17),864,N,226,43,0.004405286343612335]
[872][451,(13, 16),867,O,227,44,0.0043859649122807015]
[873][452,(12, 16),872,N,228,45,0.004366812227074236]
[877][453,(11, 16),873,N,229,46,0.004347826086956522]
[881][454,(10, 16),877,N,230,47,0.004329004329004329]
[885][458,(9, 16),881,N,231,48,0.004310344827586207]
[889][459,(8, 16),885,N,232,49,0.004291845493562232]
[894][461,(8, 15),889,O,233,50,0.004273504273504274]
[895][463,(7, 15),894,N,234,51,0.00425531914893617]
[898][465,(7, 16),895,E,235,50,0.00423728813559322]
[904][466,(7, 17),898,E,236,49,0.004219409282700422]
[912][467,(6, 17),904,N,237,50,0.004201680672268907]
[917][469,(6, 18),912,E,238,49,0.0041841004184100415]
[919][470,(5, 18),917,N,239,50,0.004166666666666667]
[923][471,(4, 18),919,N,240,51,0.004149377593360996]
[927][473,(3, 18),923,N,241,52,0.004132231404958678]
[929][474,(3, 19),927,E,242,51,0.00411522633744856]
[932][478,(3, 20),929,E,243,50,0.004098360655737705]
[935][479,(2, 20),932,N,244,51,0.004081632653061225]
[941][480,(2, 19),935,O,245,52,0.0040650406504065045]
[942][481,(1, 19),941,N,246,53,0.004048582995951417]
[946][483,(1, 20),942,E,247,52,0.004032258064516129]
[949][484,(1, 21),946,E,248,51,0.004016064257028112]
[951][485,(0, 21),949,N,249,52,0.004]
[955][487,(0, 22),951,E,250,51,0.00398406374501992]
[959][488,(0, 23),955,E,251,50,0.003968253968253968]
[962][492,(0, 24),959,E,252,49,0.003952569169960474]
[965][496,(1, 24),962,S,253,48,0.003937007874015748]
[968][497,(1, 23),965,O,254,49,0.00392156862745098]
[972][498,(1, 22),968,O,255,50,0.00390625]
[975][501,(2, 22),972,S,256,49,0.0038910505836575876]
[978][504,(2, 23),975,E,257,48,0.003875968992248062]
[981][507,(2, 24),978,E,258,47,0.003861003861003861]
[983][508,(3, 24),981,S,259,46,0.0038461538461538464]
[987][509,(3, 23),983,O,260,47,0.0038314176245210726]
[989][511,(3, 22),987,O,261,48,0.003816793893129771]
[993][512,(3, 21),989,O,262,49,0.0038022813688212928]
[996][513,(4, 21),993,S,263,48,0.003787878787878788]
[1002][516,(5, 21),996,S,264,47,0.0037735849056603774]
[1004][517,(5, 22),1002,E,265,46,0.0037593984962406013]
[1018][518,(4, 22),1004,N,266,47,0.003745318352059925]
[1023][522,(4, 23),1018,E,267,46,0.0037313432835820895]
[1025][523,(5, 23),1023,S,268,45,0.0037174721189591076]
[1028][524,(5, 24),1025,E,269,44,0.003703703703703704]
[1032][528,(6, 24),1028,S,270,43,0.0036900369003690036]
[1037][529,(6, 23),1032,O,271,44,0.003676470588235294]
[1041][531,(6, 22),1037,O,272,45,0.003663003663003663]
[1044][534,(7, 22),1041,S,273,44,0.0036496350364963502]
[1051][536,(7, 21),1044,O,274,45,0.0036363636363636364]
[1054][538,(7, 20),1051,O,275,46,0.0036231884057971015]
[1057][539,(7, 19),1054,O,276,47,0.0036101083032490976]
[1059][540,(8, 19),1057,S,277,46,0.0035971223021582736]
[1063][544,(8, 18),1059,O,278,47,0.0035842293906810036]
[1067][545,(8, 17),1063,O,279,48,0.0035714285714285713]
[1073][547,(9, 17),1067,S,280,47,0.0035587188612099642]
[1076][548,(9, 18),1073,E,281,46,0.0035460992907801418]
[1078][552,(9, 19),1076,E,282,45,0.0035335689045936395]
[1082][553,(9, 20),1078,E,283,44,0.0035211267605633804]
[1085][554,(8, 20),1082,N,284,45,0.0035087719298245615]
[1090][557,(8, 21),1085,E,285,44,0.0034965034965034965]
[1094][558,(8, 22),1090,E,286,43,0.003484320557491289]
[1098][561,(9, 22),1094,S,287,42,0.003472222222222222]
[1103][563,(9, 21),1098,O,288,43,0.0034602076124567475]
[1106][566,(10, 21),1103,S,289,42,0.0034482758620689655]
[1110][570,(10, 20),1106,O,290,43,0.003436426116838488]
[1114][571,(10, 19),1110,O,291,44,0.003424657534246575]
[1117][575,(11, 19),1114,S,292,43,0.0034129692832764505]
[1123][577,(11, 18),1117,O,293,44,0.003401360544217687]
[1125][578,(12, 18),1123,S,294,43,0.003389830508474576]
[1136][580,(12, 19),1125,E,295,42,0.0033783783783783786]
[1138][581,(13, 19),1136,S,296,41,0.003367003367003367]
[1142][582,(13, 18),1138,O,297,42,0.003355704697986577]
[1144][583,(14, 18),1142,S,298,41,0.0033444816053511705]
[1147][584,(14, 19),1144,E,299,40,0.0033333333333333335]
[1150][585,(14, 20),1147,E,300,39,0.0033222591362126247]
[1153][586,(13, 20),1150,N,301,40,0.0033112582781456954]
[1157][587,(12, 20),1153,N,302,41,0.0033003300330033004]
[1161][588,(12, 21),1157,E,303,40,0.003289473684210526]
[1163][589,(12, 22),1161,E,304,39,0.003278688524590164]
[1167][592,(12, 23),1163,E,305,38,0.0032679738562091504]
[1205][594,(12, 24),1167,E,306,37,0.003257328990228013]
[1207][595,(13, 24),1205,S,307,36,0.003246753246753247]
[1211][598,(13, 23),1207,O,308,37,0.003236245954692557]
[1213][599,(13, 22),1211,O,309,38,0.0032258064516129032]
[1217][601,(13, 21),1213,O,310,39,0.003215434083601286]
[1220][603,(14, 21),1217,S,311,38,0.003205128205128205]
[1223][606,(14, 22),1220,E,312,37,0.003194888178913738]
[1227][610,(14, 23),1223,E,313,36,0.0031847133757961785]
[1230][613,(14, 24),1227,E,314,35,0.0031746031746031746]
[1233][614,(15, 24),1230,S,315,34,0.0031645569620253164]
[1237][618,(15, 23),1233,O,316,35,0.0031545741324921135]
[1239][619,(16, 23),1237,S,317,34,0.0031446540880503146]
[1243][620,(16, 22),1239,O,318,35,0.003134796238244514]
[1244][624,(15, 22),1243,N,319,36,0.003125]
[1250][626,(15, 21),1244,O,320,37,0.003115264797507788]
[1254][629,(15, 20),1250,O,321,38,0.003105590062111801]
[1257][630,(16, 20),1254,S,322,37,0.0030959752321981426]
[1259][633,(16, 21),1257,E,323,36,0.0030864197530864196]
[1263][634,(17, 21),1259,S,324,35,0.003076923076923077]
[1267][638,(17, 20),1263,O,325,36,0.003067484662576687]
[1271][640,(17, 19),1267,O,326,37,0.0030581039755351682]
[1275][643,(17, 18),1271,O,327,38,0.003048780487804878]
[1278][647,(17, 17),1275,O,328,39,0.00303951367781155]
[1279][648,(16, 17),1278,N,329,40,0.0030303030303030303]
[1285][649,(16, 16),1279,O,330,41,0.0030211480362537764]
[1289][653,(16, 15),1285,O,331,42,0.0030120481927710845]
[1292][654,(16, 14),1289,O,332,43,0.003003003003003003]
[1295][656,(17, 14),1292,S,333,42,0.0029940119760479044]
[1303][657,(17, 13),1295,O,334,43,0.0029850746268656717]
[1305][659,(18, 13),1303,S,335,42,0.002976190476190476]
[1309][661,(18, 12),1305,O,336,43,0.002967359050445104]
[1310][664,(17, 12),1309,N,337,44,0.0029585798816568047]
[1315][668,(17, 11),1310,O,338,45,0.0029498525073746312]
[1319][669,(17, 10),1315,O,339,46,0.0029411764705882353]
[1320][672,(16, 10),1319,N,340,47,0.002932551319648094]
[1326][673,(16, 9),1320,O,341,48,0.0029239766081871343]
[1329][675,(17, 9),1326,S,342,47,0.0029154518950437317]
[1332][676,(18, 9),1329,S,343,46,0.0029069767441860465]
[1336][677,(18, 8),1332,O,344,47,0.002898550724637681]
[1338][680,(19, 8),1336,S,345,46,0.002890173410404624]
[1342][684,(19, 7),1338,O,346,47,0.002881844380403458]
[1344][685,(20, 7),1342,S,347,46,0.0028735632183908046]
[1348][687,(20, 6),1344,O,348,47,0.0028653295128939827]
[1349][688,(19, 6),1348,N,349,48,0.002857142857142857]
[1355][690,(19, 5),1349,O,350,49,0.002849002849002849]
[1380][692,(19, 4),1355,O,351,50,0.002840909090909091]
[1388][693,(20, 4),1380,S,352,49,0.0028328611898017]
[1393][697,(20, 3),1388,O,353,50,0.002824858757062147]
[1396][699,(21, 3),1393,S,354,49,0.0028169014084507044]
[1400][700,(21, 2),1396,O,355,50,0.0028089887640449437]
[1401][701,(20, 2),1400,N,356,51,0.0028011204481792717]
[1406][702,(20, 1),1401,O,357,52,0.002793296089385475]
[1409][706,(20, 0),1406,O,358,53,0.002785515320334262]
[1412][709,(21, 0),1409,S,359,52,0.002777777777777778]
[1414][710,(22, 0),1412,S,360,51,0.002770083102493075]
[1416][711,(22, 1),1414,E,361,50,0.0027624309392265192]
[1419][715,(23, 1),1416,S,362,49,0.0027548209366391185]
[1426][716,(23, 0),1419,O,363,50,0.0027472527472527475]
[1429][717,(24, 0),1426,S,364,49,0.0027397260273972603]
[1431][718,(25, 0),1429,S,365,48,0.00273224043715847]
[1433][719,(25, 1),1431,E,366,47,0.0027247956403269754]
[1435][720,(24, 1),1433,N,367,48,0.002717391304347826]
[1440][721,(24, 2),1435,E,368,47,0.0027100271002710027]
[1442][724,(23, 2),1440,N,369,48,0.002702702702702703]
[1446][727,(22, 2),1442,N,370,49,0.0026954177897574125]
[1451][729,(22, 3),1446,E,371,48,0.002688172043010753]
[1454][730,(22, 4),1451,E,372,47,0.002680965147453083]
[1457][731,(21, 4),1454,N,373,48,0.00267379679144385]
[1461][732,(21, 5),1457,E,374,47,0.0026666666666666666]
[1465][733,(22, 5),1461,S,375,46,0.0026595744680851063]
[1472][734,(22, 6),1465,E,376,45,0.002652519893899204]
[1476][737,(22, 7),1472,E,377,44,0.0026455026455026454]
[1481][738,(21, 7),1476,N,378,45,0.002638522427440633]
[1486][739,(21, 8),1481,E,379,44,0.002631578947368421]
[1488][740,(20, 8),1486,N,380,45,0.0026246719160104987]
[1492][741,(20, 9),1488,E,381,44,0.002617801047120419]
[1495][745,(19, 9),1492,N,382,45,0.0026109660574412533]
[1499][746,(19, 10),1495,E,383,44,0.0026041666666666665]
[1502][749,(18, 10),1499,N,384,45,0.0025974025974025974]
[1507][750,(18, 11),1502,E,385,44,0.0025906735751295338]
[1511][751,(19, 11),1507,S,386,43,0.002583979328165375]
[1514][754,(19, 12),1511,E,387,42,0.002577319587628866]
[1518][755,(19, 13),1514,E,388,41,0.002570694087403599]
[1522][757,(19, 14),1518,E,389,40,0.002564102564102564]
[1525][758,(18, 14),1522,N,390,41,0.0025575447570332483]
[1530][759,(18, 15),1525,E,391,40,0.002551020408163265]
[1534][760,(18, 16),1530,E,392,39,0.002544529262086514]
[1541][763,(18, 17),1534,E,393,38,0.0025380710659898475]
[1547][766,(19, 17),1541,S,394,37,0.002531645569620253]
[1552][767,(19, 16),1547,O,395,38,0.0025252525252525255]
[1554][769,(20, 16),1552,S,396,37,0.0025188916876574307]
[1556][770,(20, 17),1554,E,397,36,0.002512562814070352]
[1559][771,(21, 17),1556,S,398,35,0.002506265664160401]
[1562][774,(21, 16),1559,O,399,36,0.0025]
[1565][775,(22, 16),1562,S,400,35,0.0024937655860349127]
[1569][776,(22, 15),1565,O,401,36,0.0024875621890547263]
[1570][777,(21, 15),1569,N,402,37,0.0024813895781637717]
[1575][778,(21, 14),1570,O,403,38,0.0024752475247524753]
[1580][780,(21, 13),1575,O,404,39,0.0024691358024691358]
[1586][781,(21, 12),1580,O,405,40,0.0024630541871921183]
[1590][784,(22, 12),1586,S,406,39,0.002457002457002457]
[1594][787,(22, 11),1590,O,407,40,0.0024509803921568627]
[1595][788,(21, 11),1594,N,408,41,0.0024449877750611247]
[1600][789,(21, 10),1595,O,409,42,0.0024390243902439024]
[1610][792,(22, 10),1600,S,410,41,0.0024330900243309003]
[1615][794,(23, 10),1610,S,411,40,0.0024271844660194173]
[1621][797,(23, 9),1615,O,412,41,0.002421307506053269]
[1624][798,(23, 8),1621,O,413,42,0.0024154589371980675]
[1627][799,(23, 7),1624,O,414,43,0.0024096385542168677]
[1633][802,(24, 7),1627,S,415,42,0.002403846153846154]
[1638][806,(24, 8),1633,E,416,41,0.002398081534772182]
[1639][809,(24, 9),1638,E,417,40,0.0023923444976076554]
[1643][812,(24, 10),1639,E,418,39,0.002386634844868735]
[1647][813,(24, 11),1643,E,419,38,0.002380952380952381]
[1650][815,(23, 11),1647,N,420,39,0.0023752969121140144]
[1655][818,(23, 12),1650,E,421,38,0.002369668246445498]
[1659][819,(23, 13),1655,E,422,37,0.002364066193853428]
[1662][821,(22, 13),1659,N,423,38,0.0023584905660377358]
[1667][822,(22, 14),1662,E,424,37,0.002352941176470588]
[1672][823,(23, 14),1667,S,425,36,0.002347417840375587]
[1675][825,(23, 15),1672,E,426,35,0.00234192037470726]
[1678][826,(23, 16),1675,E,427,34,0.002336448598130841]
[1681][828,(23, 17),1678,E,428,33,0.002331002331002331]
[1684][831,(22, 17),1681,N,429,34,0.002325581395348837]
[1688][834,(22, 18),1684,E,430,33,0.002320185614849188]
[1691][837,(21, 18),1688,N,431,34,0.0023148148148148147]
[1695][839,(20, 18),1691,N,432,35,0.0023094688221709007]
[1698][843,(19, 18),1695,N,433,36,0.002304147465437788]
[1701][844,(18, 18),1698,N,434,37,0.0022988505747126436]
[1705][845,(18, 19),1701,E,435,36,0.0022935779816513763]
[1708][846,(18, 20),1705,E,436,35,0.002288329519450801]
[1712][848,(18, 21),1708,E,437,34,0.00228310502283105]
[1716][849,(18, 22),1712,E,438,33,0.002277904328018223]
[1718][850,(17, 22),1716,N,439,34,0.0022727272727272726]
[1723][852,(17, 23),1718,E,440,33,0.0022675736961451248]
[1727][856,(18, 23),1723,S,441,32,0.0022624434389140274]
[1735][857,(18, 24),1727,E,442,31,0.002257336343115124]
[1737][858,(19, 24),1735,S,443,30,0.0022522522522522522]
[1741][861,(19, 23),1737,O,444,31,0.0022471910112359553]
[1744][862,(19, 22),1741,O,445,32,0.002242152466367713]
[1747][863,(20, 22),1744,S,446,31,0.0022371364653243847]
[1751][864,(20, 21),1747,O,447,32,0.002232142857142857]
[1753][865,(21, 21),1751,S,448,31,0.0022271714922048997]
[1757][866,(21, 20),1753,O,449,32,0.0022222222222222222]
[1758][869,(20, 20),1757,N,450,33,0.0022172949002217295]
[1764][870,(20, 19),1758,O,451,34,0.0022123893805309734]
[1771][874,(21, 19),1764,S,452,33,0.002207505518763797]
[1778][875,(22, 19),1771,S,453,32,0.0022026431718061676]
[1781][876,(22, 20),1778,E,454,31,0.002197802197802198]
[1785][879,(22, 21),1781,E,455,30,0.0021929824561403508]
[1789][880,(23, 21),1785,S,456,29,0.002188183807439825]
[1793][881,(23, 20),1789,O,457,30,0.002183406113537118]
[1797][882,(23, 19),1793,O,458,31,0.002178649237472767]
[1801][884,(23, 18),1797,O,459,32,0.002173913043478261]
[1804][885,(24, 18),1801,S,460,31,0.0021691973969631237]
[1807][886,(24, 19),1804,E,461,30,0.0021645021645021645]
[1810][889,(24, 20),1807,E,462,29,0.0021598272138228943]
[1814][891,(25, 20),1810,S,463,28,0.0021551724137931034]
[1819][895,(25, 19),1814,O,464,29,0.002150537634408602]
[1823][896,(25, 18),1819,O,465,30,0.002145922746781116]
[1826][897,(25, 17),1823,O,466,31,0.0021413276231263384]
[1827][899,(24, 17),1826,N,467,32,0.002136752136752137]
[1833][902,(24, 16),1827,O,468,33,0.0021321961620469083]
[1837][905,(24, 15),1833,O,469,34,0.002127659574468085]
[1840][906,(24, 14),1837,O,470,35,0.0021231422505307855]
[1844][910,(24, 13),1840,O,471,36,0.00211864406779661]
[1848][912,(24, 12),1844,O,472,37,0.0021141649048625794]
[1851][915,(25, 12),1848,S,473,36,0.002109704641350211]
[1855][916,(25, 11),1851,O,474,37,0.002105263157894737]
[1859][917,(25, 10),1855,O,475,38,0.0021008403361344537]
[1863][918,(25, 9),1859,O,476,39,0.0020964360587002098]
[1867][919,(25, 8),1863,O,477,40,0.0020920502092050207]
[1871][923,(25, 7),1867,O,478,41,0.0020876826722338203]
[1874][926,(25, 6),1871,O,479,42,0.0020833333333333333]
[1875][927,(24, 6),1874,N,480,43,0.002079002079002079]
[1880][928,(24, 5),1875,O,481,44,0.002074688796680498]
[1881][932,(23, 5),1880,N,482,45,0.002070393374741201]
[1886][935,(23, 4),1881,O,483,46,0.002066115702479339]
[1888][936,(24, 4),1886,S,484,45,0.002061855670103093]
[1892][937,(24, 3),1888,O,485,46,0.00205761316872428]
[1895][938,(25, 3),1892,S,486,45,0.002053388090349076]
[1902][940,(25, 2),1895,O,487,46,0.0020491803278688526]
[1905][943,(26, 2),1902,S,488,45,0.002044989775051125]
[1908][945,(26, 3),1905,E,489,44,0.0020408163265306124]
[1910][948,(26, 4),1908,E,490,43,0.002036659877800407]
[1914][950,(26, 5),1910,E,491,42,0.0020325203252032522]
[1920][954,(26, 6),1914,E,492,41,0.002028397565922921]
[1926][958,(26, 7),1920,E,493,40,0.0020242914979757085]
[1930][960,(26, 8),1926,E,494,39,0.00202020202020202]
[1934][961,(26, 9),1930,E,495,38,0.0020161290322580645]
[1937][965,(26, 10),1934,E,496,37,0.002012072434607646]
[1940][967,(26, 11),1937,E,497,36,0.002008032128514056]
[1944][969,(26, 12),1940,E,498,35,0.002004008016032064]
[1947][972,(27, 12),1944,S,499,34,0.002]
[1952][973,(27, 11),1947,O,500,35,0.001996007984031936]
[1954][976,(28, 11),1952,S,501,34,0.00199203187250996]
[1958][977,(28, 10),1954,O,502,35,0.0019880715705765406]
[1961][980,(28, 9),1958,O,503,36,0.001984126984126984]
[1962][983,(27, 9),1961,N,504,37,0.0019801980198019802]
[1968][984,(27, 8),1962,O,505,38,0.001976284584980237]
[1970][987,(27, 7),1968,O,506,39,0.0019723865877712033]
[1974][988,(27, 6),1970,O,507,40,0.001968503937007874]
[1978][992,(27, 5),1974,O,508,41,0.0019646365422396855]
[1982][993,(27, 4),1978,O,509,42,0.00196078431372549]
[1986][996,(27, 3),1982,O,510,43,0.0019569471624266144]
[1990][998,(27, 2),1986,O,511,44,0.001953125]
[1993][999,(27, 1),1990,O,512,45,0.001949317738791423]
[1996][1001,(28, 1),1993,S,513,44,0.0019455252918287938]
[2005][1003,(28, 2),1996,E,514,43,0.001941747572815534]
[2010][1004,(28, 3),2005,E,515,42,0.001937984496124031]
[2014][1007,(28, 4),2010,E,516,41,0.0019342359767891683]
[2017][1010,(29, 4),2014,S,517,40,0.0019305019305019305]
[2020][1014,(29, 5),2017,E,518,39,0.0019267822736030828]
[2023][1015,(29, 6),2020,E,519,38,0.0019230769230769232]
[2029][1017,(29, 7),2023,E,520,37,0.0019193857965451055]
[2034][1019,(28, 7),2029,N,521,38,0.0019157088122605363]
[2039][1021,(28, 8),2034,E,522,37,0.0019120458891013384]
[2042][1022,(29, 8),2039,S,523,36,0.0019083969465648854]
[2045][1023,(29, 9),2042,E,524,35,0.0019047619047619048]
[2049][1026,(29, 10),2045,E,525,34,0.0019011406844106464]
[2053][1027,(29, 11),2049,E,526,33,0.0018975332068311196]
[2057][1028,(29, 12),2053,E,527,32,0.001893939393939394]
[2060][1030,(29, 13),2057,E,528,31,0.001890359168241966]
[2063][1031,(28, 13),2060,N,529,32,0.0018867924528301887]
[2065][1032,(28, 14),2063,E,530,31,0.0018832391713747645]
[2071][1036,(27, 14),2065,N,531,32,0.0018796992481203006]
[2074][1037,(26, 14),2071,N,532,33,0.001876172607879925]
[2078][1038,(25, 14),2074,N,533,34,0.0018726591760299626]
[2083][1040,(25, 15),2078,E,534,33,0.001869158878504673]
[2089][1041,(26, 15),2083,S,535,32,0.0018656716417910447]
[2092][1042,(26, 16),2089,E,536,31,0.00186219739292365]
[2096][1043,(27, 16),2092,S,537,30,0.0018587360594795538]
[2104][1044,(27, 15),2096,O,538,31,0.0018552875695732839]
[2107][1048,(28, 15),2104,S,539,30,0.001851851851851852]
[2110][1050,(29, 15),2107,S,540,29,0.0018484288354898336]
[2114][1053,(29, 14),2110,O,541,30,0.0018450184501845018]
[2117][1054,(30, 14),2114,S,542,29,0.001841620626151013]
[2119][1055,(30, 15),2117,E,543,28,0.001838235294117647]
[2122][1056,(30, 16),2119,E,544,27,0.001834862385321101]
[2125][1058,(29, 16),2122,N,545,28,0.0018315018315018315]
[2128][1059,(28, 16),2125,N,546,29,0.0018281535648994515]
[2133][1061,(28, 17),2128,E,547,28,0.0018248175182481751]
[2135][1064,(27, 17),2133,N,548,29,0.0018214936247723133]
[2139][1065,(26, 17),2135,N,549,30,0.0018181818181818182]
[2144][1066,(26, 18),2139,E,550,29,0.0018148820326678765]
[2146][1070,(27, 18),2144,S,551,28,0.0018115942028985507]
[2149][1071,(27, 19),2146,E,552,27,0.0018083182640144665]
[2151][1074,(26, 19),2149,N,553,28,0.0018050541516245488]
[2156][1076,(26, 20),2151,E,554,27,0.0018018018018018018]
[2159][1077,(26, 21),2156,E,555,26,0.0017985611510791368]
[2162][1079,(25, 21),2159,N,556,27,0.0017953321364452424]
[2165][1080,(24, 21),2162,N,557,28,0.0017921146953405018]
[2169][1083,(24, 22),2165,E,558,27,0.0017889087656529517]
[2171][1085,(23, 22),2169,N,559,28,0.0017857142857142857]
[2175][1089,(22, 22),2171,N,560,29,0.0017825311942959]
[2178][1091,(21, 22),2175,N,561,30,0.0017793594306049821]
[2182][1093,(21, 23),2178,E,562,29,0.0017761989342806395]
[2186][1097,(21, 24),2182,E,563,28,0.0017730496453900709]
[2195][1099,(22, 24),2186,S,564,27,0.0017699115044247787]
[2199][1102,(22, 23),2195,O,565,28,0.0017667844522968198]
[2202][1103,(23, 23),2199,S,566,27,0.001763668430335097]
[2205][1107,(23, 24),2202,E,567,26,0.0017605633802816902]
[2207][1108,(24, 24),2205,S,568,25,0.0017574692442882249]
[2210][1109,(25, 24),2207,S,569,24,0.0017543859649122807]
[2213][1110,(25, 23),2210,O,570,25,0.0017513134851138354]
[2217][1113,(25, 22),2213,O,571,26,0.0017482517482517483]
[2222][1116,(26, 22),2217,S,572,25,0.0017452006980802793]
[2225][1119,(26, 23),2222,E,573,24,0.0017421602787456446]
[2228][1120,(26, 24),2225,E,574,23,0.0017391304347826088]
[2232][1121,(27, 24),2228,S,575,22,0.001736111111111111]
[2236][1124,(27, 23),2232,O,576,23,0.0017331022530329288]
[2240][1126,(27, 22),2236,O,577,24,0.0017301038062283738]
[2243][1127,(27, 21),2240,O,578,25,0.0017271157167530224]
[2246][1128,(27, 20),2243,O,579,26,0.0017241379310344827]
[2249][1130,(28, 20),2246,S,580,25,0.0017211703958691911]
[2254][1134,(28, 19),2249,O,581,26,0.001718213058419244]
[2258][1135,(28, 18),2254,O,582,27,0.0017152658662092624]
[2260][1138,(29, 18),2258,S,583,26,0.0017123287671232876]
[2263][1139,(29, 19),2260,E,584,25,0.0017094017094017094]
[2270][1142,(29, 20),2263,E,585,24,0.0017064846416382253]
[2274][1143,(30, 20),2270,S,586,23,0.0017035775127768314]
[2279][1144,(30, 19),2274,O,587,24,0.0017006802721088435]
[2282][1148,(30, 18),2279,O,588,25,0.001697792869269949]
[2285][1150,(31, 18),2282,S,589,24,0.001694915254237288]
[2291][1152,(31, 17),2285,O,590,25,0.001692047377326565]
[2294][1153,(31, 16),2291,O,591,26,0.0016891891891891893]
[2298][1154,(31, 15),2294,O,592,27,0.0016863406408094434]
[2301][1157,(31, 14),2298,O,593,28,0.0016835016835016834]
[2305][1161,(31, 13),2301,O,594,29,0.0016806722689075631]
[2308][1165,(31, 12),2305,O,595,30,0.0016778523489932886]
[2312][1167,(31, 11),2308,O,596,31,0.0016750418760469012]
[2313][1168,(30, 11),2312,N,597,32,0.0016722408026755853]
[2320][1172,(30, 10),2313,O,598,33,0.001669449081803005]
[2324][1176,(30, 9),2320,O,599,34,0.0016666666666666668]
[2327][1177,(30, 8),2324,O,600,35,0.0016638935108153079]
[2330][1178,(31, 8),2327,S,601,34,0.0016611295681063123]
[2332][1181,(31, 7),2330,O,602,35,0.001658374792703151]
[2333][1182,(30, 7),2332,N,603,36,0.0016556291390728477]
[2338][1186,(30, 6),2333,O,604,37,0.001652892561983471]
[2342][1189,(30, 5),2338,O,605,38,0.0016501650165016502]
[2345][1192,(30, 4),2342,O,606,39,0.0016474464579901153]
[2348][1193,(31, 4),2345,S,607,38,0.001644736842105263]
[2351][1195,(31, 3),2348,O,608,39,0.0016420361247947454]
[2353][1196,(31, 2),2351,O,609,40,0.001639344262295082]
[2356][1197,(31, 1),2353,O,610,41,0.0016366612111292963]
[2357][1200,(30, 1),2356,N,611,42,0.0016339869281045752]
[2364][1203,(30, 0),2357,O,612,43,0.0016313213703099511]
[2380][1204,(31, 0),2364,S,613,42,0.0016286644951140066]
[2383][1205,(32, 0),2380,S,614,41,0.0016260162601626016]
[2385][1209,(32, 1),2383,E,615,40,0.0016233766233766235]
[2388][1210,(32, 2),2385,E,616,39,0.0016207455429497568]
[2392][1212,(32, 3),2388,E,617,38,0.0016181229773462784]
[2395][1213,(32, 4),2392,E,618,37,0.0016155088852988692]
[2398][1215,(32, 5),2395,E,619,36,0.0016129032258064516]
[2401][1216,(31, 5),2398,N,620,37,0.001610305958132045]
[2405][1217,(31, 6),2401,E,621,36,0.001607717041800643]
[2410][1220,(32, 6),2405,S,622,35,0.0016051364365971107]
[2413][1221,(32, 7),2410,E,623,34,0.0016025641025641025]
[2416][1222,(33, 7),2413,S,624,33,0.0016]
[2421][1226,(33, 6),2416,O,625,34,0.001597444089456869]
[2425][1227,(33, 5),2421,O,626,35,0.001594896331738437]
[2429][1228,(33, 4),2425,O,627,36,0.0015923566878980893]
[2432][1231,(33, 3),2429,O,628,37,0.001589825119236884]
[2436][1233,(33, 2),2432,O,629,38,0.0015873015873015873]
[2440][1234,(33, 1),2436,O,630,39,0.001584786053882726]
[2443][1237,(34, 1),2440,S,631,38,0.0015822784810126582]
[2448][1238,(34, 2),2443,E,632,37,0.001579778830963665]
[2451][1239,(34, 3),2448,E,633,36,0.0015772870662460567]
[2454][1240,(34, 4),2451,E,634,35,0.0015748031496062992]
[2457][1244,(34, 5),2454,E,635,34,0.0015723270440251573]
[2461][1246,(34, 6),2457,E,636,33,0.0015698587127158557]
[2464][1247,(35, 6),2461,S,637,32,0.001567398119122257]
[2469][1248,(35, 5),2464,O,638,33,0.001564945226917058]
[2472][1250,(35, 4),2469,O,639,34,0.0015625]
[2475][1252,(36, 4),2472,S,640,33,0.0015600624024961]
[2479][1253,(36, 3),2475,O,641,34,0.001557632398753894]
[2483][1254,(36, 2),2479,O,642,35,0.0015552099533437014]
[2489][1257,(36, 1),2483,O,643,36,0.0015527950310559005]
[2493][1258,(37, 1),2489,S,644,35,0.0015503875968992248]
[2497][1261,(38, 1),2493,S,645,34,0.0015479876160990713]
[2501][1264,(38, 0),2497,O,646,35,0.0015455950540958269]
[2504][1268,(39, 0),2501,S,647,34,0.0015432098765432098]
[2513][1271,(39, 1),2504,E,648,33,0.0015408320493066256]
[2516][1272,(39, 2),2513,E,649,32,0.0015384615384615385]
[2519][1273,(38, 2),2516,N,650,33,0.0015360983102918587]
[2522][1276,(37, 2),2519,N,651,34,0.0015337423312883436]
[2527][1279,(37, 3),2522,E,652,33,0.0015313935681470138]
[2530][1282,(38, 3),2527,S,653,32,0.0015290519877675841]
[2533][1283,(38, 4),2530,E,654,31,0.0015267175572519084]
[2536][1284,(38, 5),2533,E,655,30,0.001524390243902439]
[2539][1287,(37, 5),2536,N,656,31,0.0015220700152207]
[2543][1289,(36, 5),2539,N,657,32,0.001519756838905775]
[2548][1290,(36, 6),2543,E,658,31,0.0015174506828528073]
[2552][1294,(36, 7),2548,E,659,30,0.0015151515151515152]
[2554][1295,(35, 7),2552,N,660,31,0.0015128593040847202]
[2558][1297,(34, 7),2554,N,661,32,0.0015105740181268882]
[2563][1298,(34, 8),2558,E,662,31,0.0015082956259426848]
[2565][1299,(33, 8),2563,N,663,32,0.0015060240963855422]
[2569][1300,(32, 8),2565,N,664,33,0.0015037593984962407]
[2572][1303,(32, 9),2569,E,665,32,0.0015015015015015015]
[2574][1305,(31, 9),2572,N,666,33,0.0014992503748125937]
[2578][1308,(31, 10),2574,E,667,32,0.0014970059880239522]
[2582][1311,(32, 10),2578,S,668,31,0.0014947683109118087]
[2585][1312,(32, 11),2582,E,669,30,0.0014925373134328358]
[2588][1313,(32, 12),2585,E,670,29,0.0014903129657228018]
[2592][1316,(32, 13),2588,E,671,28,0.001488095238095238]
[2595][1319,(32, 14),2592,E,672,27,0.0014858841010401188]
[2599][1322,(33, 14),2595,S,673,26,0.001483679525222552]
[2604][1323,(33, 13),2599,O,674,27,0.0014814814814814814]
[2608][1324,(33, 12),2604,O,675,28,0.0014792899408284023]
[2612][1327,(33, 11),2608,O,676,29,0.0014771048744460858]
[2616][1328,(33, 10),2612,O,677,30,0.0014749262536873156]
[2618][1329,(34, 10),2616,S,678,29,0.0014727540500736377]
[2625][1330,(34, 9),2618,O,679,30,0.0014705882352941176]
[2627][1331,(35, 9),2625,S,680,29,0.0014684287812041115]
[2630][1335,(35, 10),2627,E,681,28,0.001466275659824047]
[2637][1338,(35, 11),2630,E,682,27,0.0014641288433382138]
[2640][1340,(35, 12),2637,E,683,26,0.0014619883040935672]
[2644][1344,(35, 13),2640,E,684,25,0.00145985401459854]
[2653][1345,(36, 13),2644,S,685,24,0.0014577259475218659]
[2658][1348,(36, 12),2653,O,686,25,0.001455604075691412]
[2661][1350,(37, 12),2658,S,687,24,0.0014534883720930232]
[2665][1351,(37, 11),2661,O,688,25,0.001451378809869376]
[2666][1352,(36, 11),2665,N,689,26,0.0014492753623188406]
[2670][1354,(36, 10),2666,O,690,27,0.001447178002894356]
[2673][1358,(37, 10),2670,S,691,26,0.001445086705202312]
[2676][1359,(37, 9),2673,O,692,27,0.001443001443001443]
[2679][1360,(38, 9),2676,S,693,26,0.001440922190201729]
[2688][1363,(38, 8),2679,O,694,27,0.0014388489208633094]
[2689][1365,(37, 8),2688,N,695,28,0.0014367816091954023]
[2694][1367,(37, 7),2689,O,696,29,0.0014347202295552368]
[2697][1369,(38, 7),2694,S,697,28,0.0014326647564469914]
[2701][1371,(38, 6),2697,O,698,29,0.001430615164520744]
[2704][1372,(39, 6),2701,S,699,28,0.0014285714285714286]
[2709][1373,(39, 7),2704,E,700,27,0.0014265335235378032]
[2712][1374,(39, 8),2709,E,701,26,0.0014245014245014246]
[2715][1375,(40, 8),2712,S,702,25,0.001422475106685633]
[2719][1376,(40, 7),2715,O,703,26,0.0014204545454545455]
[2722][1378,(40, 6),2719,O,704,27,0.0014184397163120568]
[2726][1380,(40, 5),2722,O,705,28,0.00141643059490085]
[2727][1384,(39, 5),2726,N,706,29,0.0014144271570014145]
[2732][1385,(39, 4),2727,O,707,30,0.0014124293785310734]
[2736][1386,(39, 3),2732,O,708,31,0.0014104372355430183]
[2739][1387,(40, 3),2736,S,709,30,0.0014084507042253522]
[2741][1391,(40, 4),2739,E,710,29,0.0014064697609001407]
[2745][1392,(41, 4),2741,S,711,28,0.0014044943820224719]
[2748][1395,(41, 5),2745,E,712,27,0.001402524544179523]
[2750][1396,(41, 6),2748,E,713,26,0.0014005602240896359]
[2754][1399,(42, 6),2750,S,714,25,0.0013986013986013986]
[2757][1400,(42, 7),2754,E,715,24,0.0013966480446927375]
[2759][1403,(41, 7),2757,N,716,25,0.001394700139470014]
[2763][1405,(41, 8),2759,E,717,24,0.001392757660167131]
[2766][1406,(41, 9),2763,E,718,23,0.0013908205841446453]
[2769][1410,(40, 9),2766,N,719,24,0.001388888888888889]
[2773][1411,(39, 9),2769,N,720,25,0.0013869625520110957]
[2777][1412,(39, 10),2773,E,721,24,0.0013850415512465374]
[2779][1416,(38, 10),2777,N,722,25,0.0013831258644536654]
[2783][1418,(38, 11),2779,E,723,24,0.0013812154696132596]
[2786][1421,(38, 12),2783,E,724,23,0.001379310344827586]
[2790][1422,(38, 13),2786,E,725,22,0.0013774104683195593]
[2793][1423,(37, 13),2790,N,726,23,0.001375515818431912]
[2798][1427,(37, 14),2793,E,727,22,0.0013736263736263737]
[2801][1430,(37, 15),2798,E,728,21,0.0013717421124828531]
[2804][1432,(36, 15),2801,N,729,22,0.0013698630136986301]
[2808][1434,(35, 15),2804,N,730,23,0.0013679890560875513]
[2811][1436,(34, 15),2808,N,731,24,0.001366120218579235]
[2815][1439,(33, 15),2811,N,732,25,0.001364256480218281]
[2818][1440,(32, 15),2815,N,733,26,0.0013623978201634877]
[2822][1441,(32, 16),2818,E,734,25,0.0013605442176870747]
[2825][1442,(32, 17),2822,E,735,24,0.001358695652173913]
[2829][1443,(32, 18),2825,E,736,23,0.0013568521031207597]
[2833][1444,(33, 18),2829,S,737,22,0.0013550135501355014]
[2838][1446,(33, 17),2833,O,738,23,0.0013531799729364006]
[2841][1449,(34, 17),2838,S,739,22,0.0013513513513513514]
[2847][1450,(34, 18),2841,E,740,21,0.001349527665317139]
[2850][1451,(34, 19),2847,E,741,20,0.0013477088948787063]
[2853][1453,(33, 19),2850,N,742,21,0.0013458950201884253]
[2857][1457,(33, 20),2853,E,743,20,0.0013440860215053765]
[2861][1460,(33, 21),2857,E,744,19,0.0013422818791946308]
[2864][1464,(32, 21),2861,N,745,20,0.0013404825737265416]
[2868][1467,(31, 21),2864,N,746,21,0.0013386880856760374]
[2872][1471,(31, 22),2868,E,747,20,0.001336898395721925]
[2883][1473,(30, 22),2872,N,748,21,0.0013351134846461949]
[2886][1474,(29, 22),2883,N,749,22,0.0013333333333333333]
[2889][1476,(28, 22),2886,N,750,23,0.0013315579227696406]
[2893][1477,(28, 23),2889,E,751,22,0.0013297872340425532]
[2897][1480,(29, 23),2893,S,752,21,0.0013280212483399733]
[2903][1483,(30, 23),2897,S,753,20,0.001326259946949602]
[2907][1484,(30, 24),2903,E,754,19,0.0013245033112582781]
[2909][1487,(31, 24),2907,S,755,18,0.0013227513227513227]
[2912][1490,(32, 24),2909,S,756,17,0.001321003963011889]
[2918][1492,(32, 23),2912,O,757,18,0.0013192612137203166]
[2920][1495,(33, 23),2918,S,758,17,0.0013175230566534915]
[2924][1496,(33, 22),2920,O,759,18,0.0013157894736842105]
[2926][1498,(34, 22),2924,S,760,17,0.001314060446780552]
[2931][1501,(34, 21),2926,O,761,18,0.0013123359580052493]
[2934][1504,(35, 21),2931,S,762,17,0.001310615989515072]
[2941][1505,(35, 20),2934,O,763,18,0.0013089005235602095]
[2944][1506,(35, 19),2941,O,764,19,0.00130718954248366]
[2948][1507,(35, 18),2944,O,765,20,0.0013054830287206266]
[2952][1509,(35, 17),2948,O,766,21,0.001303780964797914]
[2956][1510,(35, 16),2952,O,767,22,0.0013020833333333333]
[2959][1511,(36, 16),2956,S,768,21,0.0013003901170351106]
[2964][1512,(37, 16),2959,S,769,20,0.0012987012987012987]
[2966][1516,(37, 17),2964,E,770,19,0.0012970168612191958]
[2969][1518,(36, 17),2966,N,771,20,0.0012953367875647669]
[2974][1519,(36, 18),2969,E,772,19,0.00129366106080207]
[2977][1520,(36, 19),2974,E,773,18,0.0012919896640826874]
[2981][1524,(36, 20),2977,E,774,17,0.0012903225806451613]
[2985][1525,(36, 21),2981,E,775,16,0.001288659793814433]
[2989][1526,(36, 22),2985,E,776,15,0.001287001287001287]
[2992][1528,(36, 23),2989,E,777,14,0.0012853470437017994]
[2995][1532,(35, 23),2992,N,778,15,0.0012836970474967907]
[3000][1533,(35, 24),2995,E,779,14,0.001282051282051282]
[3015][1534,(36, 24),3000,S,780,13,0.0012804097311139564]
[3018][1535,(37, 24),3015,S,781,12,0.0012787723785166241]
[3022][1536,(37, 23),3018,O,782,13,0.001277139208173691]
[3026][1538,(37, 22),3022,O,783,14,0.0012755102040816326]
[3030][1542,(37, 21),3026,O,784,15,0.0012738853503184713]
[3034][1543,(37, 20),3030,O,785,16,0.001272264631043257]
[3038][1544,(37, 19),3034,O,786,17,0.0012706480304955528]
[3041][1548,(37, 18),3038,O,787,18,0.0012690355329949238]
[3044][1549,(38, 18),3041,S,788,17,0.0012674271229404308]
[3049][1552,(38, 17),3044,O,789,18,0.0012658227848101266]
[3052][1553,(39, 17),3049,S,790,17,0.0012642225031605564]
[3056][1554,(39, 16),3052,O,791,18,0.0012626262626262627]
[3057][1555,(38, 16),3056,N,792,19,0.0012610340479192938]
[3063][1556,(38, 15),3057,O,793,20,0.0012594458438287153]
[3066][1560,(39, 15),3063,S,794,19,0.0012578616352201257]
[3070][1562,(39, 14),3066,O,795,20,0.001256281407035176]
[3074][1563,(39, 13),3070,O,796,21,0.0012547051442910915]
[3081][1565,(39, 12),3074,O,797,22,0.0012531328320802004]
[3085][1567,(39, 11),3081,O,798,23,0.0012515644555694619]
[3088][1571,(40, 11),3085,S,799,22,0.00125]
[3091][1573,(40, 10),3088,O,800,23,0.0012484394506866417]
[3094][1574,(41, 10),3091,S,801,22,0.0012468827930174563]
[3097][1576,(41, 11),3094,E,802,21,0.0012453300124533001]
[3101][1579,(41, 12),3097,E,803,20,0.0012437810945273632]
[3104][1580,(41, 13),3101,E,804,19,0.0012422360248447205]
[3107][1582,(40, 13),3104,N,805,20,0.0012406947890818859]
[3112][1583,(40, 14),3107,E,806,19,0.0012391573729863693]
[3118][1586,(40, 15),3112,E,807,18,0.0012376237623762376]
[3122][1588,(40, 16),3118,E,808,17,0.0012360939431396785]
[3126][1591,(40, 17),3122,E,809,16,0.0012345679012345679]
[3129][1592,(41, 17),3126,S,810,15,0.0012330456226880395]
[3132][1593,(41, 18),3129,E,811,14,0.0012315270935960591]
[3136][1595,(40, 18),3132,N,812,15,0.0012300123001230013]
[3140][1597,(39, 18),3136,N,813,16,0.0012285012285012285]
[3144][1598,(39, 19),3140,E,814,15,0.001226993865030675]
[3147][1600,(38, 19),3144,N,815,16,0.0012254901960784314]
[3151][1603,(38, 20),3147,E,816,15,0.0012239902080783353]
[3155][1604,(38, 21),3151,E,817,14,0.0012224938875305623]
[3159][1605,(38, 22),3155,E,818,13,0.001221001221001221]
[3163][1608,(38, 23),3159,E,819,12,0.0012195121951219512]
[3167][1610,(38, 24),3163,E,820,11,0.001218026796589525]
[3170][1611,(39, 24),3167,S,821,10,0.0012165450121654502]
[3174][1613,(39, 23),3170,O,822,11,0.001215066828675577]
[3176][1617,(39, 22),3174,O,823,12,0.0012135922330097086]
[3180][1619,(39, 21),3176,O,824,13,0.0012121212121212121]
[3184][1623,(39, 20),3180,O,825,14,0.0012106537530266344]
[3187][1626,(40, 20),3184,S,826,13,0.0012091898428053204]
[3192][1629,(40, 19),3187,O,827,14,0.0012077294685990338]
[3195][1632,(41, 19),3192,S,828,13,0.0012062726176115801]
[3198][1633,(42, 19),3195,S,829,12,0.0012048192771084338]
[3203][1634,(42, 18),3198,O,830,13,0.0012033694344163659]
[3206][1635,(43, 18),3203,S,831,12,0.001201923076923077]
[3213][1636,(43, 17),3206,O,832,13,0.0012004801920768306]
[3216][1637,(43, 16),3213,O,833,14,0.001199040767386091]
[3217][1638,(42, 16),3216,N,834,15,0.0011976047904191617]
[3221][1639,(42, 15),3217,O,835,16,0.0011961722488038277]
[3222][1640,(41, 15),3221,N,836,17,0.0011947431302270011]
[3228][1641,(41, 14),3222,O,837,18,0.0011933174224343676]
[3231][1644,(42, 14),3228,S,838,17,0.0011918951132300357]
[3236][1645,(42, 13),3231,O,839,18,0.0011904761904761906]
[3239][1646,(43, 13),3236,S,840,17,0.0011890606420927466]
[3246][1648,(43, 12),3239,O,841,18,0.0011876484560570072]
[3249][1649,(43, 11),3246,O,842,19,0.0011862396204033216]
[3252][1650,(43, 10),3249,O,843,20,0.001184834123222749]
[3253][1653,(42, 10),3252,N,844,21,0.001183431952662722]
[3260][1655,(42, 9),3253,O,845,22,0.001182033096926714]
[3264][1659,(42, 8),3260,O,846,23,0.0011806375442739079]
[3267][1660,(43, 8),3264,S,847,22,0.0011792452830188679]
[3272][1662,(43, 7),3267,O,848,23,0.001177856301531213]
[3275][1663,(43, 6),3272,O,849,24,0.001176470588235294]
[3278][1665,(43, 5),3275,O,850,25,0.0011750881316098707]
[3279][1666,(42, 5),3278,N,851,26,0.0011737089201877935]
[3285][1667,(42, 4),3279,O,852,27,0.0011723329425556857]
[3289][1668,(42, 3),3285,O,853,28,0.00117096018735363]
[3290][1669,(41, 3),3289,N,854,29,0.0011695906432748538]
[3296][1671,(41, 2),3290,O,855,30,0.0011682242990654205]
[3297][1672,(40, 2),3296,N,856,31,0.0011668611435239206]
[3303][1673,(40, 1),3297,O,857,32,0.0011655011655011655]
[3306][1675,(41, 1),3303,S,858,31,0.0011641443538998836]
[3309][1676,(42, 1),3306,S,859,30,0.0011627906976744186]
[3318][1677,(42, 0),3309,O,860,31,0.0011614401858304297]
[3320][1679,(43, 0),3318,S,861,30,0.001160092807424594]
[3322][1680,(43, 1),3320,E,862,29,0.0011587485515643105]
[3324][1681,(43, 2),3322,E,863,28,0.0011574074074074073]
[3328][1682,(43, 3),3324,E,864,27,0.0011560693641618498]
[3336][1683,(43, 4),3328,E,865,26,0.0011547344110854503]
[3341][1686,(44, 4),3336,S,866,25,0.0011534025374855825]
[3346][1687,(44, 3),3341,O,867,26,0.001152073732718894]
[3349][1688,(45, 3),3346,S,868,25,0.0011507479861910242]
[3353][1691,(45, 2),3349,O,869,26,0.0011494252873563218]
[3354][1692,(44, 2),3353,N,870,27,0.001148105625717566]
[3360][1694,(44, 1),3354,O,871,28,0.0011467889908256881]
[3363][1697,(45, 1),3360,S,872,27,0.001145475372279496]
[3367][1698,(45, 0),3363,O,873,28,0.0011441647597254005]
[3370][1699,(46, 0),3367,S,874,27,0.001142857142857143]
[3373][1703,(46, 1),3370,E,875,26,0.001141552511415525]
[3375][1706,(47, 1),3373,S,876,25,0.0011402508551881414]
[3378][1709,(47, 2),3375,E,877,24,0.0011389521640091116]
[3382][1710,(46, 2),3378,N,878,25,0.0011376564277588168]
[3387][1711,(46, 3),3382,E,879,24,0.0011363636363636363]
[3391][1712,(47, 3),3387,S,880,23,0.0011350737797956867]
[3395][1714,(47, 4),3391,E,881,22,0.0011337868480725624]
[3397][1715,(47, 5),3395,E,882,21,0.0011325028312570782]
[3400][1716,(46, 5),3397,N,883,22,0.0011312217194570137]
[3404][1718,(46, 6),3400,E,884,21,0.0011299435028248588]
[3406][1721,(45, 6),3404,N,885,22,0.001128668171557562]
[3410][1722,(44, 6),3406,N,886,23,0.0011273957158962795]
[3414][1726,(44, 7),3410,E,887,22,0.0011261261261261261]
[3421][1729,(44, 8),3414,E,888,21,0.0011248593925759281]
[3425][1730,(44, 9),3421,E,889,20,0.0011235955056179776]
[3429][1733,(44, 10),3425,E,890,19,0.001122334455667789]
[3437][1736,(44, 11),3429,E,891,18,0.0011210762331838565]
[3441][1737,(45, 11),3437,S,892,17,0.0011198208286674132]
[3446][1740,(45, 10),3441,O,893,18,0.0011185682326621924]
[3449][1742,(45, 9),3446,O,894,19,0.0011173184357541898]
[3452][1743,(45, 8),3449,O,895,20,0.0011160714285714285]
[3455][1746,(46, 8),3452,S,896,19,0.0011148272017837235]
[3463][1747,(46, 7),3455,O,897,20,0.0011135857461024498]
[3465][1751,(47, 7),3463,S,898,19,0.0011123470522803114]
[3470][1752,(47, 6),3465,O,899,20,0.0011111111111111111]
[3473][1753,(48, 6),3470,S,900,19,0.0011098779134295228]
[3476][1754,(49, 6),3473,S,901,18,0.0011086474501108647]
[3478][1755,(49, 7),3476,E,902,17,0.0011074197120708748]
[3511][1756,(48, 7),3478,N,903,18,0.0011061946902654867]
[3515][1757,(48, 8),3511,E,904,17,0.0011049723756906078]
[3517][1759,(47, 8),3515,N,905,18,0.0011037527593818985]
[3520][1760,(47, 9),3517,E,906,17,0.0011025358324145535]
[3523][1762,(47, 10),3520,E,907,16,0.0011013215859030838]
[3525][1765,(47, 11),3523,E,908,15,0.0011001100110011]
[3528][1766,(46, 11),3525,N,909,16,0.001098901098901099]
[3532][1767,(46, 12),3528,E,910,15,0.0010976948408342481]
[3539][1768,(46, 13),3532,E,911,14,0.0010964912280701754]
[3541][1769,(45, 13),3539,N,912,15,0.001095290251916758]
[3545][1770,(44, 13),3541,N,913,16,0.0010940919037199124]
[3549][1773,(44, 14),3545,E,914,15,0.001092896174863388]
[3557][1777,(43, 14),3549,N,915,16,0.001091703056768559]
[3562][1778,(43, 15),3557,E,916,15,0.0010905125408942203]
[3567][1779,(44, 15),3562,S,917,14,0.0010893246187363835]
[3571][1780,(45, 15),3567,S,918,13,0.001088139281828074]
[3577][1783,(45, 14),3571,O,919,14,0.0010869565217391304]
[3580][1784,(46, 14),3577,S,920,13,0.0010857763300760044]
[3583][1786,(47, 14),3580,S,921,12,0.0010845986984815619]
[3587][1787,(47, 13),3583,O,922,13,0.0010834236186348862]
[3591][1788,(47, 12),3587,O,923,14,0.0010822510822510823]
[3593][1790,(48, 12),3591,S,924,13,0.001081081081081081]
[3597][1794,(48, 11),3593,O,925,14,0.0010799136069114472]
[3601][1795,(48, 10),3597,O,926,15,0.0010787486515641855]
[3605][1797,(48, 9),3601,O,927,16,0.0010775862068965517]
[3607][1801,(49, 9),3605,S,928,15,0.001076426264800861]
[3609][1803,(49, 10),3607,E,929,14,0.001075268817204301]
[3614][1806,(49, 11),3609,E,930,13,0.0010741138560687433]
[3617][1807,(49, 12),3614,E,931,12,0.001072961373390558]
[3620][1809,(49, 13),3617,E,932,11,0.0010718113612004287]
[3622][1813,(48, 13),3620,N,933,12,0.0010706638115631692]
[3626][1815,(48, 14),3622,E,934,11,0.0010695187165775401]
[3629][1816,(48, 15),3626,E,935,10,0.0010683760683760685]
[3632][1818,(47, 15),3629,N,936,11,0.0010672358591248667]
[3636][1822,(46, 15),3632,N,937,12,0.0010660980810234541]
[3640][1825,(46, 16),3636,E,938,11,0.0010649627263045794]
[3642][1826,(45, 16),3640,N,939,12,0.0010638297872340426]
[3645][1827,(45, 17),3642,E,940,11,0.0010626992561105207]
[3648][1830,(44, 17),3645,N,941,12,0.0010615711252653928]
[3653][1834,(44, 18),3648,E,942,11,0.0010604453870625664]
[3656][1835,(44, 19),3653,E,943,10,0.001059322033898305]
[3659][1836,(43, 19),3656,N,944,11,0.0010582010582010583]
[3664][1837,(43, 20),3659,E,945,10,0.0010570824524312897]
[3667][1838,(42, 20),3664,N,946,11,0.0010559662090813093]
[3671][1842,(41, 20),3667,N,947,12,0.0010548523206751054]
[3675][1845,(41, 21),3671,E,948,11,0.001053740779768177]
[3677][1849,(40, 21),3675,N,949,12,0.0010526315789473684]
[3681][1851,(40, 22),3677,E,950,11,0.0010515247108307045]
[3685][1852,(40, 23),3681,E,951,10,0.0010504201680672268]
[3688][1854,(40, 24),3685,E,952,9,0.001049317943336831]
[3692][1855,(41, 24),3688,S,953,8,0.0010482180293501049]
[3695][1858,(41, 23),3692,O,954,9,0.0010471204188481676]
[3699][1860,(41, 22),3695,O,955,10,0.0010460251046025104]
[3702][1861,(42, 22),3699,S,956,9,0.0010449320794148381]
[3706][1862,(42, 21),3702,O,957,10,0.0010438413361169101]
[3709][1865,(43, 21),3706,S,958,9,0.0010427528675703858]
[3711][1866,(43, 22),3709,E,959,8,0.0010416666666666667]
[3714][1867,(43, 23),3711,E,960,7,0.001040582726326743]
[3717][1868,(43, 24),3714,E,961,6,0.0010395010395010396]
[3724][1871,(44, 24),3717,S,962,5,0.0010384215991692627]
[3729][1874,(44, 23),3724,O,963,6,0.001037344398340249]
[3732][1875,(44, 22),3729,O,964,7,0.0010362694300518134]
[3734][1876,(45, 22),3732,S,965,6,0.0010351966873706005]
[3738][1877,(45, 21),3734,O,966,7,0.001034126163391934]
[3739][1880,(44, 21),3738,N,967,8,0.0010330578512396695]
[3744][1883,(44, 20),3739,O,968,9,0.0010319917440660474]
[3747][1886,(45, 20),3744,S,969,8,0.0010309278350515464]
[3752][1888,(45, 19),3747,O,970,9,0.0010298661174047373]
[3755][1890,(45, 18),3752,O,971,10,0.00102880658436214]
[3758][1891,(46, 18),3755,S,972,9,0.0010277492291880781]
[3763][1892,(46, 17),3758,O,973,10,0.001026694045174538]
[3766][1893,(47, 17),3763,S,974,9,0.0010256410256410256]
[3769][1894,(48, 17),3766,S,975,8,0.0010245901639344263]
[3773][1896,(49, 17),3769,S,976,7,0.0010235414534288639]
[3775][1899,(49, 18),3773,E,977,6,0.0010224948875255625]
[3784][1900,(49, 19),3775,E,978,5,0.0010214504596527069]
[3786][1901,(48, 19),3784,N,979,6,0.0010204081632653062]
[3789][1902,(47, 19),3786,N,980,7,0.0010193679918450561]
[3793][1904,(46, 19),3789,N,981,8,0.0010183299389002036]
[3796][1905,(46, 20),3793,E,982,7,0.001017293997965412]
[3800][1909,(46, 21),3796,E,983,6,0.0010162601626016261]
[3804][1910,(46, 22),3800,E,984,5,0.0010152284263959391]
[3808][1911,(46, 23),3804,E,985,4,0.0010141987829614604]
[3811][1912,(45, 23),3808,N,986,5,0.0010131712259371835]
[3815][1916,(45, 24),3811,E,987,4,0.0010121457489878543]
[3819][1920,(46, 24),3815,S,988,3,0.0010111223458038423]
[3822][1923,(47, 24),3819,S,989,2,0.00101010101010101]
[3826][1924,(47, 23),3822,O,990,3,0.0010090817356205853]
[3829][1925,(48, 23),3826,S,991,2,0.0010080645161290322]
[3831][1927,(48, 24),3829,E,992,1,0.0010070493454179255]
[3834][1928,(49, 24),3831,S,993,0,0.001006036217303823]