[id][cost,state,father_id,action,depth,h,value]
[0][0,(0, 0),None,None,0,18,0]
[2][3,(1, 0),0,S,1,17,3]
[8][4,(2, 0),2,S,2,16,4]
[10][5,(2, 1),8,E,3,15,5]
[13][6,(3, 1),10,S,4,14,6]
[24][7,(4, 1),13,S,5,13,7]
[33][8,(5, 1),24,S,6,12,8]
[46][11,(6, 1),33,S,7,11,11]
[67][12,(7, 1),46,S,8,10,12]
[69][13,(7, 2),67,E,9,9,13]
[80][14,(7, 3),69,E,10,8,14]
[98][17,(7, 4),80,E,11,7,17]
[141][20,(7, 5),98,E,12,6,20]
[207][21,(7, 6),141,E,13,5,21]
[221][22,(7, 7),207,E,14,4,22]
[235][23,(7, 8),221,E,15,3,23]
[257][25,(8, 8),235,S,16,2,25]
[281][27,(8, 9),257,E,17,1,27]
[291][30,(9, 9),281,S,18,0,30]