[id][cost,state,father_id,action,depth,h,value]
[0][0,(0, 0),None,None,0,18,0]
[1][3,(0, 1),0,E,1,17,1]
[3][6,(0, 2),1,E,2,16,2]
[9][10,(0, 3),3,E,3,15,3]
[19][14,(0, 4),9,E,4,14,4]
[29][15,(0, 5),19,E,5,13,5]
[40][16,(0, 6),29,E,6,12,6]
[58][19,(1, 6),40,S,7,11,7]
[81][20,(2, 6),58,S,8,10,8]
[108][21,(3, 6),81,S,9,9,9]
[137][23,(3, 7),108,E,10,8,10]
[166][26,(4, 7),137,S,11,7,11]
[198][29,(5, 7),166,S,12,6,12]
[229][30,(6, 7),198,S,13,5,13]
[251][31,(7, 7),229,S,14,4,14]
[268][32,(7, 8),251,E,15,3,15]
[280][34,(8, 8),268,S,16,2,16]
[288][36,(8, 9),280,E,17,1,17]
[291][39,(9, 9),288,S,18,0,18]