[id][cost,state,father_id,action,depth,h,value]
[0][0,(0, 0),None,None,0,18,18]
[2][3,(1, 0),0,S,1,17,20]
[8][4,(2, 0),2,S,2,16,20]
[10][5,(2, 1),8,E,3,15,20]
[13][6,(3, 1),10,S,4,14,20]
[17][7,(4, 1),13,S,5,13,20]
[24][8,(5, 1),17,S,6,12,20]
[30][11,(6, 1),24,S,7,11,22]
[62][12,(7, 1),30,S,8,10,22]
[64][13,(7, 2),62,E,9,9,22]
[68][14,(7, 3),64,E,10,8,22]
[72][17,(7, 4),68,E,11,7,24]
[111][20,(7, 5),72,E,12,6,26]
[143][21,(7, 6),111,E,13,5,26]
[146][22,(7, 7),143,E,14,4,26]
[150][23,(7, 8),146,E,15,3,26]
[153][25,(8, 8),150,S,16,2,27]
[179][27,(8, 9),153,E,17,1,28]
[225][30,(9, 9),179,S,18,0,30]