[id][cost,state,father_id,action,depth,h,value]
[0][0,(0, 0),None,None,0,73,1.0]
[1][3,(0, 1),0,E,1,72,0.5]
[3][4,(0, 2),1,E,2,71,0.3333333333333333]
[6][5,(0, 3),3,E,3,70,0.25]
[8][6,(0, 4),6,E,4,69,0.2]
[10][7,(0, 5),8,E,5,68,0.16666666666666666]
[13][9,(0, 6),10,E,6,67,0.14285714285714285]
[15][12,(0, 7),13,E,7,66,0.125]
[18][13,(0, 8),15,E,8,65,0.1111111111111111]
[21][16,(0, 9),18,E,9,64,0.1]
[24][19,(1, 9),21,S,10,63,0.09090909090909091]
[29][22,(1, 8),24,O,11,64,0.08333333333333333]
[33][23,(1, 7),29,O,12,65,0.07692307692307693]
[36][24,(2, 7),33,S,13,64,0.07142857142857142]
[40][25,(2, 6),36,O,14,65,0.06666666666666667]
[41][29,(1, 6),40,N,15,66,0.0625]
[47][30,(1, 5),41,O,16,67,0.058823529411764705]
[50][33,(1, 4),47,O,17,68,0.05555555555555555]
[54][34,(1, 3),50,O,18,69,0.05263157894736842]
[56][35,(2, 3),54,S,19,68,0.05]
[59][38,(2, 2),56,O,20,69,0.047619047619047616]
[60][39,(1, 2),59,N,21,70,0.045454545454545456]
[64][40,(1, 1),60,O,22,71,0.043478260869565216]
[68][43,(1, 0),64,O,23,72,0.041666666666666664]
[71][44,(2, 0),68,S,24,71,0.04]
[73][45,(3, 0),71,S,25,70,0.038461538461538464]
[75][47,(3, 1),73,E,26,69,0.037037037037037035]
[78][48,(3, 2),75,E,27,68,0.03571428571428571]
[84][51,(3, 3),78,E,28,67,0.034482758620689655]
[87][54,(3, 4),84,E,29,66,0.03333333333333333]
[90][55,(2, 4),87,N,30,67,0.03225806451612903]
[94][59,(2, 5),90,E,31,66,0.03125]
[99][60,(3, 5),94,S,32,65,0.030303030303030304]
[103][61,(4, 5),99,S,33,64,0.029411764705882353]
[109][62,(4, 4),103,O,34,65,0.02857142857142857]
[113][63,(4, 3),109,O,35,66,0.027777777777777776]
[116][64,(4, 2),113,O,36,67,0.02702702702702703]
[120][67,(4, 1),116,O,37,68,0.02631578947368421]
[124][69,(4, 0),120,O,38,69,0.02564102564102564]
[127][70,(5, 0),124,S,39,68,0.025]
[129][74,(5, 1),127,E,40,67,0.024390243902439025]
[132][75,(5, 2),129,E,41,66,0.023809523809523808]
[136][77,(5, 3),132,E,42,65,0.023255813953488372]
[139][79,(5, 4),136,E,43,64,0.022727272727272728]
[142][80,(5, 5),139,E,44,63,0.022222222222222223]
[146][81,(5, 6),142,E,45,62,0.021739130434782608]
[149][82,(4, 6),146,N,46,63,0.02127659574468085]
[153][83,(4, 7),149,E,47,62,0.020833333333333332]
[157][85,(4, 8),153,E,48,61,0.02040816326530612]
[162][86,(3, 8),157,N,49,62,0.02]
[166][89,(2, 8),162,N,50,63,0.0196078431372549]
[170][90,(2, 9),166,E,51,62,0.019230769230769232]
[174][92,(2, 10),170,E,52,61,0.018867924528301886]
[176][96,(1, 10),174,N,53,62,0.018518518518518517]
[180][97,(0, 10),176,N,54,63,0.01818181818181818]
[184][98,(0, 11),180,E,55,62,0.017857142857142856]
[186][100,(0, 12),184,E,56,61,0.017543859649122806]
[189][102,(0, 13),186,E,57,60,0.017241379310344827]
[191][103,(0, 14),189,E,58,59,0.01694915254237288]
[194][105,(1, 14),191,S,59,58,0.016666666666666666]
[199][107,(1, 13),194,O,60,59,0.01639344262295082]
[202][110,(2, 13),199,S,61,58,0.016129032258064516]
[206][113,(2, 12),202,O,62,59,0.015873015873015872]
[209][114,(3, 12),206,S,63,58,0.015625]
[222][116,(3, 11),209,O,64,59,0.015384615384615385]
[225][120,(3, 10),222,O,65,60,0.015151515151515152]
[228][121,(4, 10),225,S,66,59,0.014925373134328358]
[232][122,(4, 9),228,O,67,60,0.014705882352941176]
[235][123,(5, 9),232,S,68,59,0.014492753623188406]
[241][124,(5, 8),235,O,69,60,0.014285714285714285]
[245][125,(5, 7),241,O,70,61,0.014084507042253521]
[248][126,(6, 7),245,S,71,60,0.013888888888888888]
[252][130,(6, 6),248,O,72,61,0.0136986301369863]
[255][131,(7, 6),252,S,73,60,0.013513513513513514]
[262][134,(7, 5),255,O,74,61,0.013333333333333334]
[264][136,(8, 5),262,S,75,60,0.013157894736842105]
[267][137,(8, 4),264,O,76,61,0.012987012987012988]
[268][138,(7, 4),267,N,77,62,0.01282051282051282]
[274][139,(7, 3),268,O,78,63,0.012658227848101266]
[277][140,(6, 3),274,N,79,64,0.0125]
[282][142,(6, 2),277,O,80,65,0.012345679012345678]
[286][143,(6, 1),282,O,81,66,0.012195121951219513]
[290][146,(6, 0),286,O,82,67,0.012048192771084338]
[293][147,(7, 0),290,S,83,66,0.011904761904761904]
[295][148,(7, 1),293,E,84,65,0.011764705882352941]
[298][149,(7, 2),295,E,85,64,0.011627906976744186]
[303][152,(8, 2),298,S,86,63,0.011494252873563218]
[307][153,(8, 1),303,O,87,64,0.011363636363636364]
[310][156,(8, 0),307,O,88,65,0.011235955056179775]
[313][159,(9, 0),310,S,89,64,0.011111111111111112]
[315][162,(9, 1),313,E,90,63,0.01098901098901099]
[316][165,(9, 2),315,E,91,62,0.010869565217391304]
[319][166,(9, 3),316,E,92,61,0.010752688172043012]
[321][167,(9, 4),319,E,93,60,0.010638297872340425]
[325][168,(9, 5),321,E,94,59,0.010526315789473684]
[328][169,(9, 6),325,E,95,58,0.010416666666666666]
[331][171,(8, 6),328,N,96,59,0.010309278350515464]
[336][175,(8, 7),331,E,97,58,0.01020408163265306]
[339][176,(7, 7),336,N,98,59,0.010101010101010102]
[344][177,(7, 8),339,E,99,58,0.01]
[347][179,(6, 8),344,N,100,59,0.009900990099009901]
[351][183,(6, 9),347,E,101,58,0.00980392156862745]
[353][184,(6, 10),351,E,102,57,0.009708737864077669]
[357][188,(6, 11),353,E,103,56,0.009615384615384616]
[364][190,(6, 12),357,E,104,55,0.009523809523809525]
[368][191,(6, 13),364,E,105,54,0.009433962264150943]
[371][192,(6, 14),368,E,106,53,0.009345794392523364]
[374][195,(5, 14),371,N,107,54,0.009259259259259259]
[378][197,(4, 14),374,N,108,55,0.009174311926605505]
[382][198,(3, 14),378,N,109,56,0.00909090909090909]
[386][199,(3, 15),382,E,110,55,0.009009009009009009]
[392][200,(2, 15),386,N,111,56,0.008928571428571428]
[396][201,(2, 16),392,E,112,55,0.008849557522123894]
[408][203,(1, 16),396,N,113,56,0.008771929824561403]
[410][204,(1, 17),408,E,114,55,0.008695652173913044]
[413][205,(1, 18),410,E,115,54,0.008620689655172414]
[417][206,(0, 18),413,N,116,55,0.008547008547008548]
[420][208,(0, 19),417,E,117,54,0.00847457627118644]
[422][210,(0, 20),420,E,118,53,0.008403361344537815]
[425][213,(0, 21),422,E,119,52,0.008333333333333333]
[428][216,(0, 22),425,E,120,51,0.008264462809917356]
[430][217,(0, 23),428,E,121,50,0.00819672131147541]
[433][220,(0, 24),430,E,122,49,0.008130081300813009]
[436][221,(0, 25),433,E,123,48,0.008064516129032258]
[439][222,(0, 26),436,E,124,47,0.008]
[442][223,(1, 26),439,S,125,46,0.007936507936507936]
[447][226,(1, 25),442,O,126,47,0.007874015748031496]
[450][228,(2, 25),447,S,127,46,0.0078125]
[453][229,(2, 24),450,O,128,47,0.007751937984496124]
[457][230,(2, 23),453,O,129,48,0.007692307692307693]
[462][232,(2, 22),457,O,130,49,0.007633587786259542]
[463][235,(1, 22),462,N,131,50,0.007575757575757576]
[470][236,(1, 21),463,O,132,51,0.007518796992481203]
[473][237,(1, 20),470,O,133,52,0.007462686567164179]
[476][238,(1, 19),473,O,134,53,0.007407407407407408]
[479][241,(2, 19),476,S,135,52,0.007352941176470588]
[482][244,(2, 18),479,O,136,53,0.0072992700729927005]
[484][245,(3, 18),482,S,137,52,0.007246376811594203]
[486][246,(3, 19),484,E,138,51,0.007194244604316547]
[488][247,(3, 20),486,E,139,50,0.007142857142857143]
[491][250,(2, 20),488,N,140,51,0.0070921985815602835]
[494][251,(2, 21),491,E,141,50,0.007042253521126761]
[498][252,(3, 21),494,S,142,49,0.006993006993006993]
[501][253,(3, 22),498,E,143,48,0.006944444444444444]
[504][255,(3, 23),501,E,144,47,0.006896551724137931]
[508][258,(3, 24),504,E,145,46,0.00684931506849315]
[512][261,(3, 25),508,E,146,45,0.006802721088435374]
[516][263,(4, 25),512,S,147,44,0.006756756756756757]
[521][265,(4, 24),516,O,148,45,0.006711409395973154]
[524][268,(5, 24),521,S,149,44,0.006666666666666667]
[528][270,(5, 23),524,O,150,45,0.006622516556291391]
[529][271,(4, 23),528,N,151,46,0.006578947368421052]
[534][275,(4, 22),529,O,152,47,0.006535947712418301]
[538][279,(4, 21),534,O,153,48,0.006493506493506494]
[542][283,(4, 20),538,O,154,49,0.0064516129032258064]
[546][284,(4, 19),542,O,155,50,0.00641025641025641]
[549][285,(4, 18),546,O,156,51,0.006369426751592357]
[553][286,(4, 17),549,O,157,52,0.006329113924050633]
[554][289,(3, 17),553,N,158,53,0.006289308176100629]
[559][290,(3, 16),554,O,159,54,0.00625]
[563][291,(4, 16),559,S,160,53,0.006211180124223602]
[567][292,(5, 16),563,S,161,52,0.006172839506172839]
[571][295,(5, 15),567,O,162,53,0.006134969325153374]
[574][296,(6, 15),571,S,163,52,0.006097560975609756]
[579][298,(6, 16),574,E,164,51,0.006060606060606061]
[582][299,(6, 17),579,E,165,50,0.006024096385542169]
[585][300,(5, 17),582,N,166,51,0.005988023952095809]
[589][303,(5, 18),585,E,167,50,0.005952380952380952]
[593][305,(6, 18),589,S,168,49,0.005917159763313609]
[596][306,(6, 19),593,E,169,48,0.0058823529411764705]
[599][308,(5, 19),596,N,170,49,0.005847953216374269]
[603][309,(5, 20),599,E,171,48,0.005813953488372093]
[606][310,(5, 21),603,E,172,47,0.005780346820809248]
[610][314,(6, 21),606,S,173,46,0.005747126436781609]
[615][315,(6, 20),610,O,174,47,0.005714285714285714]
[618][316,(7, 20),615,S,175,46,0.005681818181818182]
[623][317,(7, 19),618,O,176,47,0.005649717514124294]
[626][318,(8, 19),623,S,177,46,0.0056179775280898875]
[629][322,(8, 18),626,O,178,47,0.00558659217877095]
[630][325,(7, 18),629,N,179,48,0.005555555555555556]
[636][326,(7, 17),630,O,180,49,0.0055248618784530384]
[639][327,(7, 16),636,O,181,50,0.005494505494505495]
[643][330,(7, 15),639,O,182,51,0.00546448087431694]
[646][331,(7, 14),643,O,183,52,0.005434782608695652]
[650][332,(7, 13),646,O,184,53,0.005405405405405406]
[653][333,(7, 12),650,O,185,54,0.005376344086021506]
[657][334,(7, 11),653,O,186,55,0.0053475935828877]
[661][335,(7, 10),657,O,187,56,0.005319148936170213]
[665][336,(7, 9),661,O,188,57,0.005291005291005291]
[668][337,(8, 9),665,S,189,56,0.005263157894736842]
[673][341,(8, 8),668,O,190,57,0.005235602094240838]
[675][344,(9, 8),673,S,191,56,0.005208333333333333]
[678][345,(9, 9),675,E,192,55,0.0051813471502590676]
[685][348,(9, 10),678,E,193,54,0.005154639175257732]
[688][349,(8, 10),685,N,194,55,0.005128205128205128]
[693][353,(8, 11),688,E,195,54,0.00510204081632653]
[697][356,(8, 12),693,E,196,53,0.005076142131979695]
[700][357,(8, 13),697,E,197,52,0.005050505050505051]
[703][358,(9, 13),700,S,198,51,0.005025125628140704]
[707][359,(9, 12),703,O,199,52,0.005]
[711][362,(9, 11),707,O,200,53,0.004975124378109453]
[713][363,(10, 11),711,S,201,52,0.0049504950495049506]
[718][364,(10, 10),713,O,202,53,0.0049261083743842365]
[721][365,(10, 9),718,O,203,54,0.004901960784313725]
[725][366,(10, 8),721,O,204,55,0.004878048780487805]
[729][368,(10, 7),725,O,205,56,0.0048543689320388345]
[731][369,(10, 6),729,O,206,57,0.004830917874396135]
[735][371,(10, 5),731,O,207,58,0.004807692307692308]
[739][372,(10, 4),735,O,208,59,0.004784688995215311]
[743][373,(10, 3),739,O,209,60,0.004761904761904762]
[747][374,(10, 2),743,O,210,61,0.004739336492890996]
[750][376,(10, 1),747,O,211,62,0.0047169811320754715]
[753][377,(11, 1),750,S,212,61,0.004694835680751174]
[757][380,(11, 2),753,E,213,60,0.004672897196261682]
[761][383,(11, 3),757,E,214,59,0.004651162790697674]
[765][384,(11, 4),761,E,215,58,0.004629629629629629]
[769][385,(11, 5),765,E,216,57,0.004608294930875576]
[772][388,(11, 6),769,E,217,56,0.0045871559633027525]
[776][390,(11, 7),772,E,218,55,0.0045662100456621]
[779][392,(11, 8),776,E,219,54,0.004545454545454545]
[782][394,(11, 9),779,E,220,53,0.004524886877828055]
[786][398,(11, 10),782,E,221,52,0.0045045045045045045]
[789][399,(11, 11),786,E,222,51,0.004484304932735426]
[793][402,(11, 12),789,E,223,50,0.004464285714285714]
[796][405,(10, 12),793,N,224,51,0.0044444444444444444]
[801][406,(10, 13),796,E,225,50,0.004424778761061947]
[805][408,(10, 14),801,E,226,49,0.004405286343612335]
[808][411,(9, 14),805,N,227,50,0.0043859649122807015]
[812][413,(9, 15),808,E,228,49,0.004366812227074236]
[816][414,(8, 15),812,N,229,50,0.004347826086956522]
[821][417,(8, 16),816,E,230,49,0.004329004329004329]
[824][418,(8, 17),821,E,231,48,0.004310344827586207]
[828][421,(9, 17),824,S,232,47,0.004291845493562232]
[831][422,(9, 18),828,E,233,46,0.004273504273504274]
[833][423,(9, 19),831,E,234,45,0.00425531914893617]
[836][424,(9, 20),833,E,235,44,0.00423728813559322]
[839][425,(9, 21),836,E,236,43,0.004219409282700422]
[845][428,(8, 21),839,N,237,44,0.004201680672268907]
[849][430,(7, 21),845,N,238,45,0.0041841004184100415]
[853][431,(7, 22),849,E,239,44,0.004166666666666667]
[856][435,(6, 22),853,N,240,45,0.004149377593360996]
[860][436,(6, 23),856,E,241,44,0.004132231404958678]
[864][437,(7, 23),860,S,242,43,0.00411522633744856]
[867][441,(7, 24),864,E,243,42,0.004098360655737705]
[870][445,(6, 24),867,N,244,43,0.004081632653061225]
[873][446,(6, 25),870,E,245,42,0.0040650406504065045]
[875][448,(5, 25),873,N,246,43,0.004048582995951417]
[878][451,(5, 26),875,E,247,42,0.004032258064516129]
[881][453,(4, 26),878,N,248,43,0.004016064257028112]
[883][455,(3, 26),881,N,249,44,0.004]
[887][456,(2, 26),883,N,250,45,0.00398406374501992]
[890][460,(2, 27),887,E,251,44,0.003968253968253968]
[892][461,(1, 27),890,N,252,45,0.003952569169960474]
[896][462,(0, 27),892,N,253,46,0.003937007874015748]
[899][464,(0, 28),896,E,254,45,0.00392156862745098]
[901][465,(0, 29),899,E,255,44,0.00390625]
[903][466,(1, 29),901,S,256,43,0.0038910505836575876]
[907][470,(1, 28),903,O,257,44,0.003875968992248062]
[909][472,(2, 28),907,S,258,43,0.003861003861003861]
[911][475,(2, 29),909,E,259,42,0.0038461538461538464]
[914][476,(2, 30),911,E,260,41,0.0038314176245210726]
[917][478,(1, 30),914,N,261,42,0.003816793893129771]
[922][480,(1, 31),917,E,262,41,0.0038022813688212928]
[926][481,(0, 31),922,N,263,42,0.003787878787878788]
[928][485,(0, 32),926,E,264,41,0.0037735849056603774]
[930][486,(0, 33),928,E,265,40,0.0037593984962406013]
[932][488,(0, 34),930,E,266,39,0.003745318352059925]
[935][490,(0, 35),932,E,267,38,0.0037313432835820895]
[938][491,(1, 35),935,S,268,37,0.0037174721189591076]
[942][495,(1, 34),938,O,269,38,0.003703703703703704]
[946][499,(1, 33),942,O,270,39,0.0036900369003690036]
[949][502,(2, 33),946,S,271,38,0.003676470588235294]
[953][506,(2, 32),949,O,272,39,0.003663003663003663]
[957][510,(2, 31),953,O,273,40,0.0036496350364963502]
[960][511,(3, 31),957,S,274,39,0.0036363636363636364]
[965][514,(3, 30),960,O,275,40,0.0036231884057971015]
[968][515,(4, 30),965,S,276,39,0.0036101083032490976]
[970][516,(4, 31),968,E,277,38,0.0035971223021582736]
[973][519,(4, 32),970,E,278,37,0.0035842293906810036]
[976][522,(5, 32),973,S,279,36,0.0035714285714285713]
[982][523,(5, 33),976,E,280,35,0.0035587188612099642]
[984][524,(4, 33),982,N,281,36,0.0035460992907801418]
[988][527,(3, 33),984,N,282,37,0.0035335689045936395]
[992][531,(3, 34),988,E,283,36,0.0035211267605633804]
[994][534,(2, 34),992,N,284,37,0.0035087719298245615]
[998][537,(2, 35),994,E,285,36,0.0034965034965034965]
[1001][540,(2, 36),998,E,286,35,0.003484320557491289]
[1004][541,(1, 36),1001,N,287,36,0.003472222222222222]
[1007][542,(0, 36),1004,N,288,37,0.0034602076124567475]
[1011][543,(0, 37),1007,E,289,36,0.0034482758620689655]
[1013][544,(0, 38),1011,E,290,35,0.003436426116838488]
[1017][547,(1, 38),1013,S,291,34,0.003424657534246575]
[1021][548,(1, 39),1017,E,292,33,0.0034129692832764505]
[1022][549,(1, 40),1021,E,293,32,0.003401360544217687]
[1026][553,(1, 41),1022,E,294,31,0.003389830508474576]
[1030][554,(0, 41),1026,N,295,32,0.0033783783783783786]
[1034][555,(0, 42),1030,E,296,31,0.003367003367003367]
[1036][556,(1, 42),1034,S,297,30,0.003355704697986577]
[1039][558,(1, 43),1036,E,298,29,0.0033444816053511705]
[1042][559,(0, 43),1039,N,299,30,0.0033333333333333335]
[1046][561,(0, 44),1042,E,300,29,0.0033222591362126247]
[1048][563,(0, 45),1046,E,301,28,0.0033112582781456954]
[1051][566,(0, 46),1048,E,302,27,0.0033003300330033004]
[1054][567,(0, 47),1051,E,303,26,0.003289473684210526]
[1057][568,(0, 48),1054,E,304,25,0.003278688524590164]
[1060][569,(0, 49),1057,E,305,24,0.0032679738562091504]
[1063][571,(1, 49),1060,S,306,23,0.003257328990228013]
[1067][574,(1, 48),1063,O,307,24,0.003246753246753247]
[1071][575,(1, 47),1067,O,308,25,0.003236245954692557]
[1074][576,(1, 46),1071,O,309,26,0.0032258064516129032]
[1078][577,(1, 45),1074,O,310,27,0.003215434083601286]
[1082][580,(1, 44),1078,O,311,28,0.003205128205128205]
[1085][583,(2, 44),1082,S,312,27,0.003194888178913738]
[1090][584,(2, 43),1085,O,313,28,0.0031847133757961785]
[1093][585,(2, 42),1090,O,314,29,0.0031746031746031746]
[1097][586,(2, 41),1093,O,315,30,0.0031645569620253164]
[1101][587,(2, 40),1097,O,316,31,0.0031545741324921135]
[1105][589,(2, 39),1101,O,317,32,0.0031446540880503146]
[1108][591,(2, 38),1105,O,318,33,0.003134796238244514]
[1111][592,(2, 37),1108,O,319,34,0.003125]
[1114][593,(3, 37),1111,S,320,33,0.003115264797507788]
[1121][595,(3, 36),1114,O,321,34,0.003105590062111801]
[1125][596,(3, 35),1121,O,322,35,0.0030959752321981426]
[1128][599,(4, 35),1125,S,323,34,0.0030864197530864196]
[1133][601,(4, 34),1128,O,324,35,0.003076923076923077]
[1135][603,(5, 34),1133,S,325,34,0.003067484662576687]
[1138][606,(5, 35),1135,E,326,33,0.0030581039755351682]
[1142][609,(5, 36),1138,E,327,32,0.003048780487804878]
[1145][610,(4, 36),1142,N,328,33,0.00303951367781155]
[1150][613,(4, 37),1145,E,329,32,0.0030303030303030303]
[1154][614,(4, 38),1150,E,330,31,0.0030211480362537764]
[1157][615,(4, 39),1154,E,331,30,0.0030120481927710845]
[1160][616,(4, 40),1157,E,332,29,0.003003003003003003]
[1163][617,(3, 40),1160,N,333,30,0.0029940119760479044]
[1166][620,(3, 41),1163,E,334,29,0.0029850746268656717]
[1175][621,(4, 41),1166,S,335,28,0.002976190476190476]
[1178][624,(4, 42),1175,E,336,27,0.002967359050445104]
[1180][626,(3, 42),1178,N,337,28,0.0029585798816568047]
[1185][630,(3, 43),1180,E,338,27,0.0029498525073746312]
[1187][632,(3, 44),1185,E,339,26,0.0029411764705882353]
[1191][633,(3, 45),1187,E,340,25,0.002932551319648094]
[1194][634,(2, 45),1191,N,341,26,0.0029239766081871343]
[1199][635,(2, 46),1194,E,342,25,0.0029154518950437317]
[1203][639,(3, 46),1199,S,343,24,0.0029069767441860465]
[1206][640,(3, 47),1203,E,344,23,0.002898550724637681]
[1209][643,(2, 47),1206,N,345,24,0.002890173410404624]
[1212][644,(2, 48),1209,E,346,23,0.002881844380403458]
[1216][645,(3, 48),1212,S,347,22,0.0028735632183908046]
[1221][646,(3, 49),1216,E,348,21,0.0028653295128939827]
[1223][649,(4, 49),1221,S,349,20,0.002857142857142857]
[1226][650,(5, 49),1223,S,350,19,0.002849002849002849]
[1229][652,(5, 48),1226,O,351,20,0.002840909090909091]
[1230][655,(4, 48),1229,N,352,21,0.0028328611898017]
[1236][657,(4, 47),1230,O,353,22,0.002824858757062147]
[1240][661,(4, 46),1236,O,354,23,0.0028169014084507044]
[1243][662,(4, 45),1240,O,355,24,0.0028089887640449437]
[1247][663,(4, 44),1243,O,356,25,0.0028011204481792717]
[1250][664,(5, 44),1247,S,357,24,0.002793296089385475]
[1254][667,(5, 43),1250,O,358,25,0.002785515320334262]
[1257][669,(5, 42),1254,O,359,26,0.002777777777777778]
[1263][670,(6, 42),1257,S,360,25,0.002770083102493075]
[1267][671,(6, 41),1263,O,361,26,0.0027624309392265192]
[1270][673,(7, 41),1267,S,362,25,0.0027548209366391185]
[1276][676,(7, 40),1270,O,363,26,0.0027472527472527475]
[1277][677,(6, 40),1276,N,364,27,0.0027397260273972603]
[1281][679,(5, 40),1277,N,365,28,0.00273224043715847]
[1285][683,(5, 39),1281,O,366,29,0.0027247956403269754]
[1288][684,(5, 38),1285,O,367,30,0.002717391304347826]
[1291][685,(5, 37),1288,O,368,31,0.0027100271002710027]
[1294][687,(6, 37),1291,S,369,30,0.002702702702702703]
[1298][691,(6, 36),1294,O,370,31,0.0026954177897574125]
[1301][692,(6, 35),1298,O,371,32,0.002688172043010753]
[1305][693,(6, 34),1301,O,372,33,0.002680965147453083]
[1309][696,(6, 33),1305,O,373,34,0.00267379679144385]
[1312][698,(6, 32),1309,O,374,35,0.0026666666666666666]
[1316][701,(6, 31),1312,O,375,36,0.0026595744680851063]
[1317][703,(5, 31),1316,N,376,37,0.002652519893899204]
[1322][705,(5, 30),1317,O,377,38,0.0026455026455026454]
[1326][706,(5, 29),1322,O,378,39,0.002638522427440633]
[1327][709,(4, 29),1326,N,379,40,0.002631578947368421]
[1330][710,(3, 29),1327,N,380,41,0.0026246719160104987]
[1335][712,(3, 28),1330,O,381,42,0.002617801047120419]
[1338][716,(4, 28),1335,S,382,41,0.0026109660574412533]
[1345][719,(4, 27),1338,O,383,42,0.0026041666666666665]
[1347][722,(5, 27),1345,S,384,41,0.0025974025974025974]
[1350][724,(5, 28),1347,E,385,40,0.0025906735751295338]
[1353][725,(6, 28),1350,S,386,39,0.002583979328165375]
[1358][726,(6, 27),1353,O,387,40,0.002577319587628866]
[1362][728,(6, 26),1358,O,388,41,0.002570694087403599]
[1364][732,(7, 26),1362,S,389,40,0.002564102564102564]
[1368][733,(7, 25),1364,O,390,41,0.0025575447570332483]
[1370][736,(8, 25),1368,S,391,40,0.002551020408163265]
[1374][737,(8, 24),1370,O,392,41,0.002544529262086514]
[1377][740,(8, 23),1374,O,393,42,0.0025380710659898475]
[1380][743,(9, 23),1377,S,394,41,0.002531645569620253]
[1383][746,(9, 22),1380,O,395,42,0.0025252525252525255]
[1386][747,(10, 22),1383,S,396,41,0.0025188916876574307]
[1394][750,(10, 21),1386,O,397,42,0.002512562814070352]
[1398][751,(10, 20),1394,O,398,43,0.002506265664160401]
[1401][752,(11, 20),1398,S,399,42,0.0025]
[1405][755,(11, 19),1401,O,400,43,0.0024937655860349127]
[1409][756,(11, 18),1405,O,401,44,0.0024875621890547263]
[1411][759,(10, 18),1409,N,402,45,0.0024813895781637717]
[1416][762,(10, 17),1411,O,403,46,0.0024752475247524753]
[1419][765,(10, 16),1416,O,404,47,0.0024691358024691358]
[1423][766,(10, 15),1419,O,405,48,0.0024630541871921183]
[1429][767,(11, 15),1423,S,406,47,0.002457002457002457]
[1434][768,(11, 14),1429,O,407,48,0.0024509803921568627]
[1437][769,(11, 13),1434,O,408,49,0.0024449877750611247]
[1440][770,(12, 13),1437,S,409,48,0.0024390243902439024]
[1443][774,(12, 12),1440,O,410,49,0.0024330900243309003]
[1447][778,(12, 11),1443,O,411,50,0.0024271844660194173]
[1450][779,(13, 11),1447,S,412,49,0.002421307506053269]
[1456][781,(13, 10),1450,O,413,50,0.0024154589371980675]
[1459][783,(13, 9),1456,O,414,51,0.0024096385542168677]
[1460][785,(12, 9),1459,N,415,52,0.002403846153846154]
[1466][786,(12, 8),1460,O,416,53,0.002398081534772182]
[1470][787,(12, 7),1466,O,417,54,0.0023923444976076554]
[1472][790,(12, 6),1470,O,418,55,0.002386634844868735]
[1476][793,(12, 5),1472,O,419,56,0.002380952380952381]
[1480][796,(12, 4),1476,O,420,57,0.0023752969121140144]
[1483][797,(12, 3),1480,O,421,58,0.002369668246445498]
[1487][801,(12, 2),1483,O,422,59,0.002364066193853428]
[1490][804,(12, 1),1487,O,423,60,0.0023584905660377358]
[1492][805,(13, 1),1490,S,424,59,0.002352941176470588]
[1496][806,(13, 2),1492,E,425,58,0.002347417840375587]
[1498][807,(13, 3),1496,E,426,57,0.00234192037470726]
[1502][811,(14, 3),1498,S,427,56,0.002336448598130841]
[1506][814,(14, 2),1502,O,428,57,0.002331002331002331]
[1510][817,(14, 1),1506,O,429,58,0.002325581395348837]
[1514][818,(14, 0),1510,O,430,59,0.002320185614849188]
[1517][819,(15, 0),1514,S,431,58,0.0023148148148148147]
[1520][820,(15, 1),1517,E,432,57,0.0023094688221709007]
[1522][823,(15, 2),1520,E,433,56,0.002304147465437788]
[1526][825,(15, 3),1522,E,434,55,0.0022988505747126436]
[1529][828,(15, 4),1526,E,435,54,0.0022935779816513763]
[1532][830,(14, 4),1529,N,436,55,0.002288329519450801]
[1535][831,(13, 4),1532,N,437,56,0.00228310502283105]
[1540][832,(13, 5),1535,E,438,55,0.002277904328018223]
[1543][833,(13, 6),1540,E,439,54,0.0022727272727272726]
[1547][835,(14, 6),1543,S,440,53,0.0022675736961451248]
[1552][837,(14, 5),1547,O,441,54,0.0022624434389140274]
[1555][839,(15, 5),1552,S,442,53,0.002257336343115124]
[1558][842,(15, 6),1555,E,443,52,0.0022522522522522522]
[1562][843,(16, 6),1558,S,444,51,0.0022471910112359553]
[1566][845,(16, 5),1562,O,445,52,0.002242152466367713]
[1569][848,(16, 4),1566,O,446,53,0.0022371364653243847]
[1572][849,(16, 3),1569,O,447,54,0.002232142857142857]
[1576][852,(16, 2),1572,O,448,55,0.0022271714922048997]
[1579][853,(16, 1),1576,O,449,56,0.0022222222222222222]
[1582][856,(17, 1),1579,S,450,55,0.0022172949002217295]
[1584][857,(17, 2),1582,E,451,54,0.0022123893805309734]
[1590][860,(17, 3),1584,E,452,53,0.002207505518763797]
[1594][863,(17, 4),1590,E,453,52,0.0022026431718061676]
[1598][866,(18, 4),1594,S,454,51,0.002197802197802198]
[1603][867,(18, 3),1598,O,455,52,0.0021929824561403508]
[1607][869,(18, 2),1603,O,456,53,0.002188183807439825]
[1611][870,(18, 1),1607,O,457,54,0.002183406113537118]
[1615][871,(18, 0),1611,O,458,55,0.002178649237472767]
[1617][875,(19, 0),1615,S,459,54,0.002173913043478261]
[1619][876,(19, 1),1617,E,460,53,0.0021691973969631237]
[1621][877,(19, 2),1619,E,461,52,0.0021645021645021645]
[1625][881,(19, 3),1621,E,462,51,0.0021598272138228943]
[1629][883,(19, 4),1625,E,463,50,0.0021551724137931034]
[1633][886,(19, 5),1629,E,464,49,0.002150537634408602]
[1635][887,(19, 6),1633,E,465,48,0.002145922746781116]
[1638][888,(18, 6),1635,N,466,49,0.0021413276231263384]
[1642][892,(17, 6),1638,N,467,50,0.002136752136752137]
[1645][894,(17, 7),1642,E,468,49,0.0021321961620469083]
[1652][898,(16, 7),1645,N,469,50,0.002127659574468085]
[1656][899,(15, 7),1652,N,470,51,0.0021231422505307855]
[1660][900,(14, 7),1656,N,471,52,0.00211864406779661]
[1663][901,(13, 7),1660,N,472,53,0.0021141649048625794]
[1667][902,(13, 8),1663,E,473,52,0.002109704641350211]
[1671][904,(14, 8),1667,S,474,51,0.002105263157894737]
[1674][905,(15, 8),1671,S,475,50,0.0021008403361344537]
[1677][906,(15, 9),1674,E,476,49,0.0020964360587002098]
[1681][909,(15, 10),1677,E,477,48,0.0020920502092050207]
[1692][912,(15, 11),1681,E,478,47,0.0020876826722338203]
[1695][914,(15, 12),1692,E,479,46,0.0020833333333333333]
[1699][916,(15, 13),1695,E,480,45,0.002079002079002079]
[1703][919,(14, 13),1699,N,481,46,0.002074688796680498]
[1707][920,(13, 13),1703,N,482,47,0.002070393374741201]
[1709][921,(13, 14),1707,E,483,46,0.002066115702479339]
[1714][923,(13, 15),1709,E,484,45,0.002061855670103093]
[1718][924,(13, 16),1714,E,485,44,0.00205761316872428]
[1723][925,(12, 16),1718,N,486,45,0.002053388090349076]
[1726][926,(11, 16),1723,N,487,46,0.0020491803278688526]
[1730][927,(11, 17),1726,E,488,45,0.002044989775051125]
[1735][928,(12, 17),1730,S,489,44,0.0020408163265306124]
[1738][929,(13, 17),1735,S,490,43,0.002036659877800407]
[1741][930,(13, 18),1738,E,491,42,0.0020325203252032522]
[1743][931,(12, 18),1741,N,492,43,0.002028397565922921]
[1747][934,(12, 19),1743,E,493,42,0.0020242914979757085]
[1750][936,(12, 20),1747,E,494,41,0.00202020202020202]
[1754][937,(12, 21),1750,E,495,40,0.0020161290322580645]
[1757][938,(12, 22),1754,E,496,39,0.002012072434607646]
[1760][941,(13, 22),1757,S,497,38,0.002008032128514056]
[1764][942,(13, 21),1760,O,498,39,0.002004008016032064]
[1768][944,(13, 20),1764,O,499,40,0.002]
[1772][947,(13, 19),1768,O,500,41,0.001996007984031936]
[1775][951,(14, 19),1772,S,501,40,0.00199203187250996]
[1780][952,(14, 18),1775,O,502,41,0.0019880715705765406]
[1784][954,(14, 17),1780,O,503,42,0.001984126984126984]
[1788][957,(14, 16),1784,O,504,43,0.0019801980198019802]
[1791][958,(14, 15),1788,O,505,44,0.001976284584980237]
[1794][959,(15, 15),1791,S,506,43,0.0019723865877712033]
[1800][960,(15, 14),1794,O,507,44,0.001968503937007874]
[1802][961,(16, 14),1800,S,508,43,0.0019646365422396855]
[1805][962,(16, 15),1802,E,509,42,0.00196078431372549]
[1808][963,(16, 16),1805,E,510,41,0.0019569471624266144]
[1812][967,(16, 17),1808,E,511,40,0.001953125]
[1817][969,(16, 18),1812,E,512,39,0.001949317738791423]
[1822][970,(15, 18),1817,N,513,40,0.0019455252918287938]
[1826][972,(15, 19),1822,E,514,39,0.001941747572815534]
[1829][973,(15, 20),1826,E,515,38,0.001937984496124031]
[1832][975,(14, 20),1829,N,516,39,0.0019342359767891683]
[1836][976,(14, 21),1832,E,517,38,0.0019305019305019305]
[1840][979,(15, 21),1836,S,518,37,0.0019267822736030828]
[1843][981,(15, 22),1840,E,519,36,0.0019230769230769232]
[1846][982,(15, 23),1843,E,520,35,0.0019193857965451055]
[1849][986,(14, 23),1846,N,521,36,0.0019157088122605363]
[1853][987,(14, 24),1849,E,522,35,0.0019120458891013384]
[1858][989,(14, 25),1853,E,523,34,0.0019083969465648854]
[1861][990,(13, 25),1858,N,524,35,0.0019047619047619048]
[1866][991,(13, 24),1861,O,525,36,0.0019011406844106464]
[1867][995,(12, 24),1866,N,526,37,0.0018975332068311196]
[1870][997,(11, 24),1867,N,527,38,0.001893939393939394]
[1874][998,(10, 24),1870,N,528,39,0.001890359168241966]
[1877][1002,(9, 24),1874,N,529,40,0.0018867924528301887]
[1882][1004,(9, 25),1877,E,530,39,0.0018832391713747645]
[1886][1005,(9, 26),1882,E,531,38,0.0018796992481203006]
[1889][1006,(8, 26),1886,N,532,39,0.001876172607879925]
[1894][1009,(8, 27),1889,E,533,38,0.0018726591760299626]
[1897][1010,(7, 27),1894,N,534,39,0.001869158878504673]
[1901][1011,(7, 28),1897,E,535,38,0.0018656716417910447]
[1905][1013,(8, 28),1901,S,536,37,0.00186219739292365]
[1908][1016,(8, 29),1905,E,537,36,0.0018587360594795538]
[1910][1019,(7, 29),1908,N,538,37,0.0018552875695732839]
[1915][1021,(7, 30),1910,E,539,36,0.001851851851851852]
[1920][1023,(7, 31),1915,E,540,35,0.0018484288354898336]
[1924][1027,(7, 32),1920,E,541,34,0.0018450184501845018]
[1928][1028,(8, 32),1924,S,542,33,0.001841620626151013]
[1933][1029,(8, 31),1928,O,543,34,0.001838235294117647]
[1936][1031,(9, 31),1933,S,544,33,0.001834862385321101]
[1939][1032,(9, 30),1936,O,545,34,0.0018315018315018315]
[1942][1033,(9, 29),1939,O,546,35,0.0018281535648994515]
[1946][1034,(9, 28),1942,O,547,36,0.0018248175182481751]
[1950][1035,(9, 27),1946,O,548,37,0.0018214936247723133]
[1953][1036,(10, 27),1950,S,549,36,0.0018181818181818182]
[1957][1037,(10, 26),1953,O,550,37,0.0018148820326678765]
[1960][1038,(11, 26),1957,S,551,36,0.0018115942028985507]
[1964][1039,(11, 25),1960,O,552,37,0.0018083182640144665]
[1966][1040,(12, 25),1964,S,553,36,0.0018050541516245488]
[1968][1044,(12, 26),1966,E,554,35,0.0018018018018018018]
[1971][1048,(12, 27),1968,E,555,34,0.0017985611510791368]
[1975][1050,(12, 28),1971,E,556,33,0.0017953321364452424]
[1981][1052,(12, 29),1975,E,557,32,0.0017921146953405018]
[1984][1054,(11, 29),1981,N,558,33,0.0017889087656529517]
[1988][1056,(10, 29),1984,N,559,34,0.0017857142857142857]
[1993][1057,(10, 30),1988,E,560,33,0.0017825311942959]
[1999][1058,(10, 31),1993,E,561,32,0.0017793594306049821]
[2002][1059,(10, 32),1999,E,562,31,0.0017761989342806395]
[2005][1063,(9, 32),2002,N,563,32,0.0017730496453900709]
[2009][1066,(9, 33),2005,E,564,31,0.0017699115044247787]
[2011][1069,(8, 33),2009,N,565,32,0.0017667844522968198]
[2015][1070,(7, 33),2011,N,566,33,0.001763668430335097]
[2018][1071,(7, 34),2015,E,567,32,0.0017605633802816902]
[2021][1073,(7, 35),2018,E,568,31,0.0017574692442882249]
[2025][1077,(7, 36),2021,E,569,30,0.0017543859649122807]
[2028][1078,(7, 37),2025,E,570,29,0.0017513134851138354]
[2032][1082,(7, 38),2028,E,571,28,0.0017482517482517483]
[2036][1083,(8, 38),2032,S,572,27,0.0017452006980802793]
[2049][1084,(9, 38),2036,S,573,26,0.0017421602787456446]
[2053][1087,(9, 37),2049,O,574,27,0.0017391304347826088]
[2054][1089,(8, 37),2053,N,575,28,0.001736111111111111]
[2059][1090,(8, 36),2054,O,576,29,0.0017331022530329288]
[2063][1092,(8, 35),2059,O,577,30,0.0017301038062283738]
[2067][1093,(8, 34),2063,O,578,31,0.0017271157167530224]
[2070][1094,(9, 34),2067,S,579,30,0.0017241379310344827]
[2072][1096,(9, 35),2070,E,580,29,0.0017211703958691911]
[2075][1097,(10, 35),2072,S,581,28,0.001718213058419244]
[2080][1098,(10, 34),2075,O,582,29,0.0017152658662092624]
[2082][1099,(10, 33),2080,O,583,30,0.0017123287671232876]
[2085][1102,(11, 33),2082,S,584,29,0.0017094017094017094]
[2088][1105,(11, 34),2085,E,585,28,0.0017064846416382253]
[2090][1107,(11, 35),2088,E,586,27,0.0017035775127768314]
[2094][1108,(11, 36),2090,E,587,26,0.0017006802721088435]
[2097][1110,(10, 36),2094,N,588,27,0.001697792869269949]
[2102][1114,(10, 37),2097,E,589,26,0.001694915254237288]
[2109][1118,(11, 37),2102,S,590,25,0.001692047377326565]
[2112][1120,(11, 38),2109,E,591,24,0.0016891891891891893]
[2115][1123,(10, 38),2112,N,592,25,0.0016863406408094434]
[2120][1126,(10, 39),2115,E,593,24,0.0016835016835016834]
[2122][1127,(10, 40),2120,E,594,23,0.0016806722689075631]
[2124][1128,(9, 40),2122,N,595,24,0.0016778523489932886]
[2128][1129,(9, 41),2124,E,596,23,0.0016750418760469012]
[2133][1133,(8, 41),2128,N,597,24,0.0016722408026755853]
[2137][1134,(8, 42),2133,E,598,23,0.001669449081803005]
[2142][1135,(7, 42),2137,N,599,24,0.0016666666666666668]
[2147][1137,(7, 43),2142,E,600,23,0.0016638935108153079]
[2150][1140,(6, 43),2147,N,601,24,0.0016611295681063123]
[2154][1144,(6, 44),2150,E,602,23,0.001658374792703151]
[2158][1145,(7, 44),2154,S,603,22,0.0016556291390728477]
[2161][1148,(7, 45),2158,E,604,21,0.001652892561983471]
[2164][1149,(6, 45),2161,N,605,22,0.0016501650165016502]
[2168][1151,(5, 45),2164,N,606,23,0.0016474464579901153]
[2172][1153,(5, 46),2168,E,607,22,0.001644736842105263]
[2175][1155,(5, 47),2172,E,608,21,0.0016420361247947454]
[2179][1157,(6, 47),2175,S,609,20,0.001639344262295082]
[2184][1159,(6, 46),2179,O,610,21,0.0016366612111292963]
[2186][1160,(7, 46),2184,S,611,20,0.0016339869281045752]
[2189][1161,(7, 47),2186,E,612,19,0.0016313213703099511]
[2192][1164,(8, 47),2189,S,613,18,0.0016286644951140066]
[2195][1165,(8, 48),2192,E,614,17,0.0016260162601626016]
[2197][1167,(7, 48),2195,N,615,18,0.0016233766233766235]
[2202][1169,(7, 49),2197,E,616,17,0.0016207455429497568]
[2208][1170,(8, 49),2202,S,617,16,0.0016181229773462784]
[2213][1173,(9, 49),2208,S,618,15,0.0016155088852988692]
[2217][1174,(9, 48),2213,O,619,16,0.0016129032258064516]
[2220][1175,(9, 47),2217,O,620,17,0.001610305958132045]
[2224][1177,(9, 46),2220,O,621,18,0.001607717041800643]
[2225][1178,(8, 46),2224,N,622,19,0.0016051364365971107]
[2229][1182,(8, 45),2225,O,623,20,0.0016025641025641025]
[2232][1185,(8, 44),2229,O,624,21,0.0016]
[2235][1189,(8, 43),2232,O,625,22,0.001597444089456869]
[2238][1190,(9, 43),2235,S,626,21,0.001594896331738437]
[2243][1191,(9, 42),2238,O,627,22,0.0015923566878980893]
[2246][1192,(10, 42),2243,S,628,21,0.001589825119236884]
[2250][1193,(10, 41),2246,O,629,22,0.0015873015873015873]
[2252][1197,(11, 41),2250,S,630,21,0.001584786053882726]
[2256][1198,(11, 40),2252,O,631,22,0.0015822784810126582]
[2260][1199,(11, 39),2256,O,632,23,0.001579778830963665]
[2262][1200,(12, 39),2260,S,633,22,0.0015772870662460567]
[2265][1204,(12, 40),2262,E,634,21,0.0015748031496062992]
[2273][1205,(12, 41),2265,E,635,20,0.0015723270440251573]
[2277][1206,(12, 42),2273,E,636,19,0.0015698587127158557]
[2280][1209,(11, 42),2277,N,637,20,0.001567398119122257]
[2284][1210,(11, 43),2280,E,638,19,0.001564945226917058]
[2286][1214,(10, 43),2284,N,639,20,0.0015625]
[2290][1215,(10, 44),2286,E,640,19,0.0015600624024961]
[2293][1216,(10, 45),2290,E,641,18,0.001557632398753894]
[2297][1217,(10, 46),2293,E,642,17,0.0015552099533437014]
[2305][1218,(11, 46),2297,S,643,16,0.0015527950310559005]
[2309][1221,(11, 45),2305,O,644,17,0.0015503875968992248]
[2313][1222,(11, 44),2309,O,645,18,0.0015479876160990713]
[2316][1223,(12, 44),2313,S,646,17,0.0015455950540958269]
[2319][1224,(12, 45),2316,E,647,16,0.0015432098765432098]
[2324][1225,(12, 46),2319,E,648,15,0.0015408320493066256]
[2327][1229,(12, 47),2324,E,649,14,0.0015384615384615385]
[2329][1230,(11, 47),2327,N,650,15,0.0015360983102918587]
[2334][1231,(11, 48),2329,E,651,14,0.0015337423312883436]
[2339][1232,(10, 48),2334,N,652,15,0.0015313935681470138]
[2343][1233,(10, 49),2339,E,653,14,0.0015290519877675841]
[2346][1236,(11, 49),2343,S,654,13,0.0015267175572519084]
[2349][1240,(12, 49),2346,S,655,12,0.001524390243902439]
[2352][1242,(13, 49),2349,S,656,11,0.0015220700152207]
[2359][1246,(13, 48),2352,O,657,12,0.001519756838905775]
[2361][1249,(14, 48),2359,S,658,11,0.0015174506828528073]
[2364][1250,(14, 47),2361,O,659,12,0.0015151515151515152]
[2365][1251,(13, 47),2364,N,660,13,0.0015128593040847202]
[2371][1253,(13, 46),2365,O,661,14,0.0015105740181268882]
[2374][1254,(13, 45),2371,O,662,15,0.0015082956259426848]
[2377][1258,(14, 45),2374,S,663,14,0.0015060240963855422]
[2380][1259,(14, 44),2377,O,664,15,0.0015037593984962407]
[2381][1260,(13, 44),2380,N,665,16,0.0015015015015015015]
[2386][1261,(13, 43),2381,O,666,17,0.0014992503748125937]
[2389][1263,(13, 42),2386,O,667,18,0.0014970059880239522]
[2392][1264,(13, 41),2389,O,668,19,0.0014947683109118087]
[2395][1265,(14, 41),2392,S,669,18,0.0014925373134328358]
[2399][1269,(14, 40),2395,O,670,19,0.0014903129657228018]
[2400][1271,(13, 40),2399,N,671,20,0.001488095238095238]
[2406][1273,(13, 39),2400,O,672,21,0.0014858841010401188]
[2409][1274,(14, 39),2406,S,673,20,0.001483679525222552]
[2413][1275,(14, 38),2409,O,674,21,0.0014814814814814814]
[2416][1278,(14, 37),2413,O,675,22,0.0014792899408284023]
[2417][1279,(13, 37),2416,N,676,23,0.0014771048744460858]
[2422][1280,(13, 36),2417,O,677,24,0.0014749262536873156]
[2425][1282,(12, 36),2422,N,678,25,0.0014727540500736377]
[2431][1283,(12, 35),2425,O,679,26,0.0014705882352941176]
[2435][1284,(12, 34),2431,O,680,27,0.0014684287812041115]
[2438][1285,(12, 33),2435,O,681,28,0.001466275659824047]
[2441][1289,(12, 32),2438,O,682,29,0.0014641288433382138]
[2444][1290,(12, 31),2441,O,683,30,0.0014619883040935672]
[2445][1292,(11, 31),2444,N,684,31,0.00145985401459854]
[2452][1295,(11, 30),2445,O,685,32,0.0014577259475218659]
[2454][1297,(12, 30),2452,S,686,31,0.001455604075691412]
[2458][1298,(13, 30),2454,S,687,30,0.0014534883720930232]
[2461][1299,(13, 31),2458,E,688,29,0.001451378809869376]
[2467][1300,(13, 32),2461,E,689,28,0.0014492753623188406]
[2470][1301,(13, 33),2467,E,690,27,0.001447178002894356]
[2473][1302,(13, 34),2470,E,691,26,0.001445086705202312]
[2476][1303,(14, 34),2473,S,692,25,0.001443001443001443]
[2479][1304,(14, 35),2476,E,693,24,0.001440922190201729]
[2483][1305,(15, 35),2479,S,694,23,0.0014388489208633094]
[2492][1306,(15, 34),2483,O,695,24,0.0014367816091954023]
[2495][1309,(15, 33),2492,O,696,25,0.0014347202295552368]
[2499][1312,(15, 32),2495,O,697,26,0.0014326647564469914]
[2504][1313,(15, 31),2499,O,698,27,0.001430615164520744]
[2506][1314,(16, 31),2504,S,699,26,0.0014285714285714286]
[2508][1315,(17, 31),2506,S,700,25,0.0014265335235378032]
[2510][1318,(17, 32),2508,E,701,24,0.0014245014245014246]
[2512][1319,(17, 33),2510,E,702,23,0.001422475106685633]
[2515][1320,(16, 33),2512,N,703,24,0.0014204545454545455]
[2520][1324,(16, 34),2515,E,704,23,0.0014184397163120568]
[2525][1326,(16, 35),2520,E,705,22,0.00141643059490085]
[2527][1327,(16, 36),2525,E,706,21,0.0014144271570014145]
[2529][1328,(15, 36),2527,N,707,22,0.0014124293785310734]
[2532][1329,(15, 37),2529,E,708,21,0.0014104372355430183]
[2534][1332,(15, 38),2532,E,709,20,0.0014084507042253522]
[2538][1333,(15, 39),2534,E,710,19,0.0014064697609001407]
[2541][1334,(15, 40),2538,E,711,18,0.0014044943820224719]
[2545][1335,(15, 41),2541,E,712,17,0.001402524544179523]
[2549][1336,(16, 41),2545,S,713,16,0.0014005602240896359]
[2554][1339,(16, 40),2549,O,714,17,0.0013986013986013986]
[2558][1342,(16, 39),2554,O,715,18,0.0013966480446927375]
[2561][1345,(17, 39),2558,S,716,17,0.001394700139470014]
[2565][1348,(17, 38),2561,O,717,18,0.001392757660167131]
[2566][1351,(16, 38),2565,N,718,19,0.0013908205841446453]
[2571][1352,(16, 37),2566,O,719,20,0.001388888888888889]
[2574][1353,(17, 37),2571,S,720,19,0.0013869625520110957]
[2578][1354,(17, 36),2574,O,721,20,0.0013850415512465374]
[2581][1356,(17, 35),2578,O,722,21,0.0013831258644536654]
[2583][1359,(18, 35),2581,S,723,20,0.0013812154696132596]
[2587][1362,(18, 34),2583,O,724,21,0.001379310344827586]
[2590][1364,(19, 34),2587,S,725,20,0.0013774104683195593]
[2596][1365,(19, 33),2590,O,726,21,0.001375515818431912]
[2598][1366,(19, 32),2596,O,727,22,0.0013736263736263737]
[2599][1367,(18, 32),2598,N,728,23,0.0013717421124828531]
[2605][1370,(18, 31),2599,O,729,24,0.0013698630136986301]
[2609][1374,(18, 30),2605,O,730,25,0.0013679890560875513]
[2610][1375,(17, 30),2609,N,731,26,0.001366120218579235]
[2614][1378,(16, 30),2610,N,732,27,0.001364256480218281]
[2617][1379,(15, 30),2614,N,733,28,0.0013623978201634877]
[2620][1381,(14, 30),2617,N,734,29,0.0013605442176870747]
[2626][1382,(14, 29),2620,O,735,30,0.001358695652173913]
[2629][1383,(14, 28),2626,O,736,31,0.0013568521031207597]
[2632][1384,(14, 27),2629,O,737,32,0.0013550135501355014]
[2636][1387,(14, 26),2632,O,738,33,0.0013531799729364006]
[2647][1389,(15, 26),2636,S,739,32,0.0013513513513513514]
[2649][1391,(15, 25),2647,O,740,33,0.001349527665317139]
[2652][1393,(16, 25),2649,S,741,32,0.0013477088948787063]
[2656][1394,(16, 24),2652,O,742,33,0.0013458950201884253]
[2660][1395,(16, 23),2656,O,743,34,0.0013440860215053765]
[2666][1398,(16, 22),2660,O,744,35,0.0013422818791946308]
[2670][1399,(16, 21),2666,O,745,36,0.0013404825737265416]
[2673][1400,(16, 20),2670,O,746,37,0.0013386880856760374]
[2676][1402,(16, 19),2673,O,747,38,0.001336898395721925]
[2679][1403,(17, 19),2676,S,748,37,0.0013351134846461949]
[2684][1406,(17, 18),2679,O,749,38,0.0013333333333333333]
[2686][1410,(18, 18),2684,S,750,37,0.0013315579227696406]
[2693][1413,(18, 17),2686,O,751,38,0.0013297872340425532]
[2695][1414,(18, 16),2693,O,752,39,0.0013280212483399733]
[2696][1415,(17, 16),2695,N,753,40,0.001326259946949602]
[2702][1416,(17, 15),2696,O,754,41,0.0013245033112582781]
[2705][1418,(18, 15),2702,S,755,40,0.0013227513227513227]
[2709][1419,(18, 14),2705,O,756,41,0.001321003963011889]
[2710][1420,(17, 14),2709,N,757,42,0.0013192612137203166]
[2716][1422,(17, 13),2710,O,758,43,0.0013175230566534915]
[2717][1425,(16, 13),2716,N,759,44,0.0013157894736842105]
[2722][1426,(16, 12),2717,O,760,45,0.001314060446780552]
[2726][1430,(16, 11),2722,O,761,46,0.0013123359580052493]
[2730][1433,(16, 10),2726,O,762,47,0.001310615989515072]
[2734][1434,(16, 9),2730,O,763,48,0.0013089005235602095]
[2737][1435,(16, 8),2734,O,764,49,0.00130718954248366]
[2740][1436,(17, 8),2737,S,765,48,0.0013054830287206266]
[2743][1437,(17, 9),2740,E,766,47,0.001303780964797914]
[2746][1438,(17, 10),2743,E,767,46,0.0013020833333333333]
[2750][1442,(18, 10),2746,S,768,45,0.0013003901170351106]
[2755][1444,(18, 9),2750,O,769,46,0.0012987012987012987]
[2759][1447,(18, 8),2755,O,770,47,0.0012970168612191958]
[2762][1448,(19, 8),2759,S,771,46,0.0012953367875647669]
[2765][1451,(19, 7),2762,O,772,47,0.00129366106080207]
[2768][1452,(20, 7),2765,S,773,46,0.0012919896640826874]
[2774][1453,(20, 8),2768,E,774,45,0.0012903225806451613]
[2778][1454,(20, 9),2774,E,775,44,0.001288659793814433]
[2781][1455,(19, 9),2778,N,776,45,0.001287001287001287]
[2784][1456,(19, 10),2781,E,777,44,0.0012853470437017994]
[2788][1457,(19, 11),2784,E,778,43,0.0012836970474967907]
[2790][1458,(18, 11),2788,N,779,44,0.001282051282051282]
[2793][1459,(17, 11),2790,N,780,45,0.0012804097311139564]
[2798][1460,(17, 12),2793,E,781,44,0.0012787723785166241]
[2801][1461,(18, 12),2798,S,782,43,0.001277139208173691]
[2805][1464,(19, 12),2801,S,783,42,0.0012755102040816326]
[2811][1465,(19, 13),2805,E,784,41,0.0012738853503184713]
[2813][1466,(20, 13),2811,S,785,40,0.001272264631043257]
[2816][1467,(20, 14),2813,E,786,39,0.0012706480304955528]
[2826][1470,(20, 15),2816,E,787,38,0.0012690355329949238]
[2829][1471,(19, 15),2826,N,788,39,0.0012674271229404308]
[2834][1474,(19, 16),2829,E,789,38,0.0012658227848101266]
[2840][1475,(20, 16),2834,S,790,37,0.0012642225031605564]
[2843][1476,(20, 17),2840,E,791,36,0.0012626262626262627]
[2845][1479,(19, 17),2843,N,792,37,0.0012610340479192938]
[2849][1480,(19, 18),2845,E,793,36,0.0012594458438287153]
[2852][1484,(19, 19),2849,E,794,35,0.0012578616352201257]
[2854][1485,(19, 20),2852,E,795,34,0.001256281407035176]
[2857][1489,(18, 20),2854,N,796,35,0.0012547051442910915]
[2860][1493,(17, 20),2857,N,797,36,0.0012531328320802004]
[2864][1494,(17, 21),2860,E,798,35,0.0012515644555694619]
[2867][1495,(17, 22),2864,E,799,34,0.00125]
[2871][1496,(18, 22),2867,S,800,33,0.0012484394506866417]
[2874][1497,(18, 23),2871,E,801,32,0.0012468827930174563]
[2876][1498,(17, 23),2874,N,802,33,0.0012453300124533001]
[2880][1501,(17, 24),2876,E,803,32,0.0012437810945273632]
[2883][1504,(18, 24),2880,S,804,31,0.0012422360248447205]
[2886][1506,(18, 25),2883,E,805,30,0.0012406947890818859]
[2888][1507,(18, 26),2886,E,806,29,0.0012391573729863693]
[2890][1510,(17, 26),2888,N,807,30,0.0012376237623762376]
[2894][1512,(16, 26),2890,N,808,31,0.0012360939431396785]
[2898][1515,(16, 27),2894,E,809,30,0.0012345679012345679]
[2901][1516,(15, 27),2898,N,810,31,0.0012330456226880395]
[2906][1518,(15, 28),2901,E,811,30,0.0012315270935960591]
[2910][1522,(16, 28),2906,S,812,29,0.0012300123001230013]
[2916][1523,(16, 29),2910,E,813,28,0.0012285012285012285]
[2920][1525,(17, 29),2916,S,814,27,0.001226993865030675]
[2924][1528,(18, 29),2920,S,815,26,0.0012254901960784314]
[2927][1529,(19, 29),2924,S,816,25,0.0012239902080783353]
[2936][1530,(19, 28),2927,O,817,26,0.0012224938875305623]
[2939][1531,(19, 27),2936,O,818,27,0.001221001221001221]
[2942][1533,(20, 27),2939,S,819,26,0.0012195121951219512]
[2952][1537,(20, 26),2942,O,820,27,0.001218026796589525]
[2955][1539,(20, 25),2952,O,821,28,0.0012165450121654502]
[2956][1540,(19, 25),2955,N,822,29,0.001215066828675577]
[2961][1541,(19, 24),2956,O,823,30,0.0012135922330097086]
[2964][1543,(19, 23),2961,O,824,31,0.0012121212121212121]
[2968][1547,(19, 22),2964,O,825,32,0.0012106537530266344]
[2972][1548,(19, 21),2968,O,826,33,0.0012091898428053204]
[2975][1549,(20, 21),2972,S,827,32,0.0012077294685990338]
[2983][1552,(20, 20),2975,O,828,33,0.0012062726176115801]
[2985][1553,(21, 20),2983,S,829,32,0.0012048192771084338]
[2987][1556,(21, 21),2985,E,830,31,0.0012033694344163659]
[2990][1557,(21, 22),2987,E,831,30,0.001201923076923077]
[2993][1559,(20, 22),2990,N,832,31,0.0012004801920768306]
[2997][1560,(20, 23),2993,E,833,30,0.001199040767386091]
[3001][1563,(21, 23),2997,S,834,29,0.0011976047904191617]
[3004][1566,(21, 24),3001,E,835,28,0.0011961722488038277]
[3007][1567,(21, 25),3004,E,836,27,0.0011947431302270011]
[3013][1569,(21, 26),3007,E,837,26,0.0011933174224343676]
[3017][1572,(21, 27),3013,E,838,25,0.0011918951132300357]
[3020][1575,(22, 27),3017,S,839,24,0.0011904761904761906]
[3023][1576,(22, 26),3020,O,840,25,0.0011890606420927466]
[3026][1577,(22, 25),3023,O,841,26,0.0011876484560570072]
[3029][1579,(23, 25),3026,S,842,25,0.0011862396204033216]
[3033][1583,(23, 24),3029,O,843,26,0.001184834123222749]
[3036][1587,(24, 24),3033,S,844,25,0.001183431952662722]
[3040][1588,(24, 25),3036,E,845,24,0.001182033096926714]
[3333][1589,(24, 26),3040,E,846,23,0.0011806375442739079]
[3335][1590,(23, 26),3333,N,847,24,0.0011792452830188679]
[3339][1591,(23, 27),3335,E,848,23,0.001177856301531213]
[3342][1595,(23, 28),3339,E,849,22,0.001176470588235294]
[3344][1596,(22, 28),3342,N,850,23,0.0011750881316098707]
[3348][1597,(22, 29),3344,E,851,22,0.0011737089201877935]
[3350][1598,(22, 30),3348,E,852,21,0.0011723329425556857]
[3353][1599,(21, 30),3350,N,853,22,0.00117096018735363]
[3356][1601,(20, 30),3353,N,854,23,0.0011695906432748538]
[3360][1604,(20, 31),3356,E,855,22,0.0011682242990654205]
[3375][1605,(20, 32),3360,E,856,21,0.0011668611435239206]
[3385][1606,(21, 32),3375,S,857,20,0.0011655011655011655]
[3390][1608,(21, 31),3385,O,858,21,0.0011641443538998836]
[3393][1612,(22, 31),3390,S,859,20,0.0011627906976744186]
[3396][1616,(22, 32),3393,E,860,19,0.0011614401858304297]
[3399][1620,(23, 32),3396,S,861,18,0.001160092807424594]
[3402][1622,(23, 33),3399,E,862,17,0.0011587485515643105]
[3431][1623,(22, 33),3402,N,863,18,0.0011574074074074073]
[3435][1624,(21, 33),3431,N,864,19,0.0011560693641618498]
[3437][1625,(20, 33),3435,N,865,20,0.0011547344110854503]
[3441][1626,(20, 34),3437,E,866,19,0.0011534025374855825]
[3444][1629,(20, 35),3441,E,867,18,0.001152073732718894]
[3447][1630,(20, 36),3444,E,868,17,0.0011507479861910242]
[3453][1631,(19, 36),3447,N,869,18,0.0011494252873563218]
[3457][1633,(18, 36),3453,N,870,19,0.001148105625717566]
[3461][1634,(18, 37),3457,E,871,18,0.0011467889908256881]
[3464][1638,(18, 38),3461,E,872,17,0.001145475372279496]
[3468][1639,(18, 39),3464,E,873,16,0.0011441647597254005]
[3471][1642,(18, 40),3468,E,874,15,0.001142857142857143]
[3474][1643,(18, 41),3471,E,875,14,0.001141552511415525]
[3479][1644,(17, 41),3474,N,876,15,0.0011402508551881414]
[3483][1646,(17, 42),3479,E,877,14,0.0011389521640091116]
[3485][1649,(16, 42),3483,N,878,15,0.0011376564277588168]
[3489][1652,(16, 43),3485,E,879,14,0.0011363636363636363]
[3492][1653,(15, 43),3489,N,880,15,0.0011350737797956867]
[3497][1655,(15, 44),3492,E,881,14,0.0011337868480725624]
[3510][1656,(15, 45),3497,E,882,13,0.0011325028312570782]
[3512][1658,(15, 46),3510,E,883,12,0.0011312217194570137]
[3515][1659,(15, 47),3512,E,884,11,0.0011299435028248588]
[3523][1660,(15, 48),3515,E,885,10,0.001128668171557562]
[3526][1661,(16, 48),3523,S,886,9,0.0011273957158962795]
[3531][1663,(16, 47),3526,O,887,10,0.0011261261261261261]
[3535][1664,(16, 46),3531,O,888,11,0.0011248593925759281]
[3538][1665,(17, 46),3535,S,889,10,0.0011235955056179776]
[3542][1666,(17, 45),3538,O,890,11,0.001122334455667789]
[3543][1670,(16, 45),3542,N,891,12,0.0011210762331838565]
[3548][1672,(16, 44),3543,O,892,13,0.0011198208286674132]
[3550][1674,(17, 44),3548,S,893,12,0.0011185682326621924]
[3555][1675,(17, 43),3550,O,894,13,0.0011173184357541898]
[3558][1678,(18, 43),3555,S,895,12,0.0011160714285714285]
[3561][1680,(18, 44),3558,E,896,11,0.0011148272017837235]
[3567][1681,(18, 45),3561,E,897,10,0.0011135857461024498]
[3570][1684,(18, 46),3567,E,898,9,0.0011123470522803114]
[3574][1685,(18, 47),3570,E,899,8,0.0011111111111111111]
[3577][1686,(17, 47),3574,N,900,9,0.0011098779134295228]
[3581][1687,(17, 48),3577,E,901,8,0.0011086474501108647]
[3585][1690,(17, 49),3581,E,902,7,0.0011074197120708748]
[3589][1691,(18, 49),3585,S,903,6,0.0011061946902654867]
[3601][1692,(18, 48),3589,O,904,7,0.0011049723756906078]
[3604][1696,(19, 48),3601,S,905,6,0.0011037527593818985]
[3609][1700,(19, 47),3604,O,906,7,0.0011025358324145535]
[3612][1701,(19, 46),3609,O,907,8,0.0011013215859030838]
[3616][1702,(19, 45),3612,O,908,9,0.0011001100110011]
[3620][1703,(19, 44),3616,O,909,10,0.001098901098901099]
[3623][1704,(19, 43),3620,O,910,11,0.0010976948408342481]
[3626][1707,(19, 42),3623,O,911,12,0.0010964912280701754]
[3629][1708,(19, 41),3626,O,912,13,0.001095290251916758]
[3633][1709,(19, 40),3629,O,913,14,0.0010940919037199124]
[3636][1710,(19, 39),3633,O,914,15,0.001092896174863388]
[3638][1714,(20, 39),3636,S,915,14,0.001091703056768559]
[3642][1715,(20, 38),3638,O,916,15,0.0010905125408942203]
[3643][1716,(19, 38),3642,N,917,16,0.0010893246187363835]
[3646][1720,(19, 37),3643,O,918,17,0.001088139281828074]
[3649][1721,(20, 37),3646,S,919,16,0.0010869565217391304]
[3652][1722,(21, 37),3649,S,920,15,0.0010857763300760044]
[3657][1723,(21, 36),3652,O,921,16,0.0010845986984815619]
[3661][1727,(21, 35),3657,O,922,17,0.0010834236186348862]
[3665][1728,(21, 34),3661,O,923,18,0.0010822510822510823]
[3667][1730,(22, 34),3665,S,924,17,0.001081081081081081]
[3670][1731,(22, 35),3667,E,925,16,0.0010799136069114472]
[3672][1735,(22, 36),3670,E,926,15,0.0010787486515641855]
[3675][1736,(22, 37),3672,E,927,14,0.0010775862068965517]
[3679][1739,(22, 38),3675,E,928,13,0.001076426264800861]
[3681][1742,(21, 38),3679,N,929,14,0.001075268817204301]
[3685][1743,(21, 39),3681,E,930,13,0.0010741138560687433]
[3689][1744,(22, 39),3685,S,931,12,0.001072961373390558]
[3692][1747,(23, 39),3689,S,932,11,0.0010718113612004287]
[3695][1748,(23, 40),3692,E,933,10,0.0010706638115631692]
[3729][1750,(22, 40),3695,N,934,11,0.0010695187165775401]
[3733][1751,(21, 40),3729,N,935,12,0.0010683760683760685]
[3736][1752,(20, 40),3733,N,936,13,0.0010672358591248667]
[3740][1756,(20, 41),3736,E,937,12,0.0010660980810234541]
[3744][1757,(20, 42),3740,E,938,11,0.0010649627263045794]
[3748][1759,(20, 43),3744,E,939,10,0.0010638297872340426]
[3751][1760,(20, 44),3748,E,940,9,0.0010626992561105207]
[3754][1761,(20, 45),3751,E,941,8,0.0010615711252653928]
[3758][1762,(20, 46),3754,E,942,7,0.0010604453870625664]
[3761][1763,(20, 47),3758,E,943,6,0.001059322033898305]
[3765][1765,(20, 48),3761,E,944,5,0.0010582010582010583]
[3769][1769,(20, 49),3765,E,945,4,0.0010570824524312897]
[3772][1770,(21, 49),3769,S,946,3,0.0010559662090813093]
[3776][1771,(21, 48),3772,O,947,4,0.0010548523206751054]
[3780][1772,(21, 47),3776,O,948,5,0.001053740779768177]
[3784][1776,(21, 46),3780,O,949,6,0.0010526315789473684]
[3788][1777,(21, 45),3784,O,950,7,0.0010515247108307045]
[3790][1778,(21, 44),3788,O,951,8,0.0010504201680672268]
[3793][1780,(22, 44),3790,S,952,7,0.001049317943336831]
[3797][1783,(22, 43),3793,O,953,8,0.0010482180293501049]
[3798][1786,(21, 43),3797,N,954,9,0.0010471204188481676]
[3803][1789,(21, 42),3798,O,955,10,0.0010460251046025104]
[3806][1790,(21, 41),3803,O,956,11,0.0010449320794148381]
[3809][1792,(22, 41),3806,S,957,10,0.0010438413361169101]
[3813][1795,(23, 41),3809,S,958,9,0.0010427528675703858]
[3818][1796,(23, 42),3813,E,959,8,0.0010416666666666667]
[3820][1799,(23, 43),3818,E,960,7,0.001040582726326743]
[3824][1802,(23, 44),3820,E,961,6,0.0010395010395010396]
[3828][1806,(23, 45),3824,E,962,5,0.0010384215991692627]
[3831][1807,(22, 45),3828,N,963,6,0.001037344398340249]
[3835][1808,(22, 46),3831,E,964,5,0.0010362694300518134]
[3839][1811,(23, 46),3835,S,965,4,0.0010351966873706005]
[3842][1812,(23, 47),3839,E,966,3,0.001034126163391934]
[3845][1813,(22, 47),3842,N,967,4,0.0010330578512396695]
[3849][1816,(22, 48),3845,E,968,3,0.0010319917440660474]
[3852][1818,(22, 49),3849,E,969,2,0.0010309278350515464]
[3855][1821,(23, 49),3852,S,970,1,0.0010298661174047373]
[3859][1822,(23, 48),3855,O,971,2,0.00102880658436214]
[3861][1823,(24, 48),3859,S,972,1,0.0010277492291880781]
[3863][1827,(24, 49),3861,E,973,0,0.001026694045174538]