[id][cost,state,father_id,action,depth,h,value]
[0][0,(0, 0),None,None,0,18,18]
[1][3,(0, 1),0,E,1,17,17]
[3][6,(0, 2),1,E,2,16,16]
[6][10,(0, 3),3,E,3,15,15]
[9][14,(0, 4),6,E,4,14,14]
[12][15,(0, 5),9,E,5,13,13]
[15][16,(0, 6),12,E,6,12,12]
[18][17,(0, 7),15,E,7,11,11]
[21][18,(0, 8),18,E,8,10,10]
[24][20,(0, 9),21,E,9,9,9]
[27][23,(1, 9),24,S,10,8,8]
[30][24,(2, 9),27,S,11,7,7]
[33][27,(3, 9),30,S,12,6,6]
[36][28,(4, 9),33,S,13,5,5]
[39][31,(5, 9),36,S,14,4,4]
[41][32,(6, 9),39,S,15,3,3]
[44][34,(6, 8),41,O,16,4,4]
[47][35,(6, 7),44,O,17,5,5]
[54][36,(7, 7),47,S,18,4,4]
[56][37,(7, 8),54,E,19,3,3]
[59][39,(8, 8),56,S,20,2,2]
[62][41,(8, 9),59,E,21,1,1]
[65][44,(9, 9),62,S,22,0,0]