[id][cost,state,father_id,action,depth,h,value]
[0][0,(0, 0),None,None,0,18,0]
[2][3,(1, 0),0,S,1,17,3.0]
[6][4,(2, 0),2,S,2,16,4.0]
[7][5,(2, 1),6,E,3,15,5.0]
[9][6,(3, 1),7,S,4,14,6.0]
[13][7,(4, 1),9,S,5,13,7.0]
[18][8,(5, 1),13,S,6,12,8.0]
[22][11,(6, 1),18,S,7,11,11.0]
[31][12,(7, 1),22,S,8,10,12.0]
[32][13,(7, 2),31,E,9,9,13.0]
[37][14,(7, 3),32,E,10,8,14.0]
[45][17,(7, 4),37,E,11,7,17.0]
[60][20,(7, 5),45,E,12,6,20.0]
[78][21,(7, 6),60,E,13,5,21.0]
[84][22,(7, 7),78,E,14,4,22.0]
[88][23,(7, 8),84,E,15,3,23.0]
[92][25,(8, 8),88,S,16,2,25.0]
[96][27,(8, 9),92,E,17,1,27.0]
[98][30,(9, 9),96,S,18,0,30.0]
