[id][cost,state,father_id,action,depth,h,value]
[0][0,(0, 0),None,None,0,8,1]
[1][3,(1, 0),0,S,1,7,1]
[3][5,(1, 1),1,E,2,6,0]
[5][9,(0, 1),3,N,3,7,0]
[9][10,(0, 2),5,E,4,6,0]
[11][11,(1, 2),9,S,5,5,0]
[14][13,(1, 3),11,E,6,4,0]
[18][15,(1, 4),14,E,7,3,0]
[23][18,(2, 4),18,S,8,2,0]
[27][19,(2, 3),23,O,9,3,0]
[31][20,(2, 2),27,O,10,4,0]
[35][21,(2, 1),31,O,11,5,0]
[38][22,(2, 0),35,O,12,6,0]
[41][25,(3, 0),38,S,13,5,0]
[43][26,(3, 1),41,E,14,4,0]
[45][28,(3, 2),43,E,15,3,0]
[49][30,(3, 3),45,E,16,2,0]
[53][32,(3, 4),49,E,17,1,0]
[56][36,(4, 4),53,S,18,0,0]
