[id][cost,state,father_id,action,depth,h,value]
[0][0,(0, 0),None,None,0,48,0]
[1][1,(0, 1),0,E,1,47,1.0]
[3][2,(0, 2),1,E,2,46,2.0]
[7][4,(0, 3),3,E,3,45,3.0]
[11][8,(0, 4),7,E,4,44,4.0]
[16][9,(1, 4),11,S,5,43,5.0]
[21][10,(1, 5),16,E,6,42,6.0]
[27][11,(1, 6),21,E,7,41,7.0]
[34][14,(1, 7),27,E,8,40,8.0]
[42][15,(1, 8),34,E,9,39,9.0]
[51][19,(2, 8),42,S,10,38,10.0]
[60][22,(2, 9),51,E,11,37,11.0]
[71][25,(2, 10),60,E,12,36,12.0]
[83][28,(2, 11),71,E,13,35,13.0]
[97][31,(2, 12),83,E,14,34,14.0]
[112][32,(2, 13),97,E,15,33,15.0]
[128][36,(2, 14),112,E,16,32,16.0]
[146][37,(2, 15),128,E,17,31,17.0]
[161][40,(2, 16),146,E,18,30,18.0]
[179][42,(3, 16),161,S,19,29,19.0]
[199][43,(3, 17),179,E,20,28,20.0]
[219][46,(4, 17),199,S,21,27,21.0]
[241][48,(4, 18),219,E,22,26,22.0]
[263][51,(4, 19),241,E,23,25,23.0]
[285][52,(4, 20),263,E,24,24,24.0]
[311][53,(4, 21),285,E,25,23,25.0]
[338][56,(5, 21),311,S,26,22,26.0]
[362][57,(6, 21),338,S,27,21,27.0]
[388][60,(7, 21),362,S,28,20,28.0]
[415][63,(8, 21),388,S,29,19,29.0]
[437][64,(9, 21),415,S,30,18,30.0]
[457][65,(10, 21),437,S,31,17,31.0]
[476][66,(11, 21),457,S,32,16,32.0]
[492][68,(12, 21),476,S,33,15,33.0]
[508][69,(13, 21),492,S,34,14,34.0]
[524][70,(14, 21),508,S,35,13,35.0]
[538][72,(15, 21),524,S,36,12,36.0]
[549][75,(15, 22),538,E,37,11,37.0]
[560][76,(16, 22),549,S,38,10,38.0]
[571][79,(16, 23),560,E,39,9,39.0]
[581][80,(16, 24),571,E,40,8,40.0]
[590][81,(17, 24),581,S,41,7,41.0]
[597][84,(18, 24),590,S,42,6,42.0]
[604][86,(19, 24),597,S,43,5,43.0]
[611][87,(20, 24),604,S,44,4,44.0]
[616][91,(21, 24),611,S,45,3,45.0]
[620][92,(22, 24),616,S,46,2,46.0]
[623][93,(23, 24),620,S,47,1,47.0]
[625][97,(24, 24),623,S,48,0,48.0]
