[id][cost,state,father_id,action,depth,h,value]
[0][0,(0, 0),None,None,0,18,0]
[1][3,(0, 1),0,E,1,17,1.0]
[3][6,(0, 2),1,E,2,16,0.0]
[8][10,(0, 3),3,E,3,15,0.0]
[10][14,(0, 4),8,E,4,14,0.0]
[12][15,(0, 5),10,E,5,13,0.0]
[14][16,(0, 6),12,E,6,12,0.0]
[17][19,(1, 6),14,S,7,11,0.0]
[26][20,(2, 6),17,S,8,10,0.0]
[34][21,(3, 6),26,S,9,9,0.0]
[48][23,(3, 7),34,E,10,8,0.0]
[49][26,(4, 7),48,S,11,7,0.0]
[59][29,(5, 7),49,S,12,6,0.0]
[68][30,(6, 7),59,S,13,5,0.0]
[80][31,(7, 7),68,S,14,4,0.0]
[87][32,(7, 8),80,E,15,3,0.0]
[89][34,(8, 8),87,S,16,2,0.0]
[97][36,(8, 9),89,E,17,1,0.0]
[99][39,(9, 9),97,S,18,0,0.0]
