[id][cost,state,father_id,action,depth,h,value]
[0][0,(0, 0),None,None,0,18,0]
[1][3,(0, 1),0,E,1,17,17.0]
[3][6,(0, 2),1,E,2,16,16.0]
[6][10,(0, 3),3,E,3,15,15.0]
[8][14,(0, 4),6,E,4,14,14.0]
[10][15,(0, 5),8,E,5,13,13.0]
[12][16,(0, 6),10,E,6,12,12.0]
[14][17,(0, 7),12,E,7,11,11.0]
[16][18,(0, 8),14,E,8,10,10.0]
[18][20,(0, 9),16,E,9,9,9.0]
[20][23,(1, 9),18,S,10,8,8.0]
[21][24,(2, 9),20,S,11,7,7.0]
[22][27,(3, 9),21,S,12,6,6.0]
[24][28,(4, 9),22,S,13,5,5.0]
[26][31,(5, 9),24,S,14,4,4.0]
[27][32,(6, 9),26,S,15,3,3.0]
[29][34,(6, 8),27,O,16,4,4.0]
[30][35,(6, 7),29,O,17,5,5.0]
[33][36,(7, 7),30,S,18,4,4.0]
[34][37,(7, 8),33,E,19,3,3.0]
[37][39,(8, 8),34,S,20,2,2.0]
[38][41,(8, 9),37,E,21,1,1.0]
[40][44,(9, 9),38,S,22,0,0.0]
