[id][cost,state,father_id,action,depth,h,value]
[0][0,(0, 0),None,None,0,18,0]
[1][3,(0, 1),0,E,1,17,1.0]
[3][6,(0, 2),1,E,2,16,2.0]
[7][10,(0, 3),3,E,3,15,3.0]
[11][14,(0, 4),7,E,4,14,4.0]
[15][15,(0, 5),11,E,5,13,5.0]
[20][16,(0, 6),15,E,6,12,6.0]
[28][19,(1, 6),20,S,7,11,7.0]
[37][20,(2, 6),28,S,8,10,8.0]
[48][21,(3, 6),37,S,9,9,9.0]
[57][23,(3, 7),48,E,10,8,10.0]
[66][26,(4, 7),57,S,11,7,11.0]
[75][29,(5, 7),66,S,12,6,12.0]
[82][30,(6, 7),75,S,13,5,13.0]
[88][31,(7, 7),82,S,14,4,14.0]
[92][32,(7, 8),88,E,15,3,15.0]
[95][34,(8, 8),92,S,16,2,16.0]
[96][36,(8, 9),95,E,17,1,17.0]
[98][39,(9, 9),96,S,18,0,18.0]
