[id][cost,state,father_id,action,depth,h,value]
[0][0,(0, 0),None,None,0,198,0]
[1][1,(0, 1),0,E,1,197,1.0]
[2][2,(0, 2),1,E,2,196,0.0]
[6][6,(0, 3),2,E,3,195,0.0]
[8][9,(1, 3),6,S,4,194,0.0]
[12][10,(1, 4),8,E,5,193,0.0]
[14][11,(0, 4),12,N,6,194,0.0]
[17][14,(0, 5),14,E,7,193,0.0]
[18][15,(0, 6),17,E,8,192,0.0]
[19][16,(0, 7),18,E,9,191,0.0]
[21][18,(0, 8),19,E,10,190,0.0]
[23][19,(1, 8),21,S,11,189,0.0]
[26][20,(1, 9),23,E,12,188,0.0]
[28][22,(0, 9),26,N,13,189,0.0]
[31][23,(0, 10),28,E,14,188,0.0]
[32][27,(0, 11),31,E,15,187,0.0]
[33][28,(1, 11),32,S,16,186,0.0]
[35][30,(1, 12),33,E,17,185,0.0]
[37][31,(0, 12),35,N,18,186,0.0]
[39][33,(0, 13),37,E,19,185,0.0]
[40][36,(0, 14),39,E,20,184,0.0]
[42][40,(1, 14),40,S,21,183,0.0]
[44][41,(1, 15),42,E,22,182,0.0]
[45][42,(1, 16),44,E,23,181,0.0]
[47][43,(0, 16),45,N,24,182,0.0]
[50][44,(0, 17),47,E,25,181,0.0]
[52][46,(0, 18),50,E,26,180,0.0]
[53][47,(0, 19),52,E,27,179,0.0]
[54][50,(1, 19),53,S,28,178,0.0]
[58][51,(1, 20),54,E,29,177,0.0]
[61][54,(1, 21),58,E,30,176,0.0]
[65][58,(1, 22),61,E,31,175,0.0]
[67][59,(1, 23),65,E,32,174,0.0]
[69][63,(0, 23),67,N,33,175,0.0]
[71][64,(0, 24),69,E,34,174,0.0]
[72][66,(0, 25),71,E,35,173,0.0]
[73][68,(1, 25),72,S,36,172,0.0]
[74][71,(1, 26),73,E,37,171,0.0]
[78][73,(0, 26),74,N,38,172,0.0]
[81][75,(0, 27),78,E,39,171,0.0]
[82][77,(0, 28),81,E,40,170,0.0]
[83][78,(0, 29),82,E,41,169,0.0]
[85][82,(0, 30),83,E,42,168,0.0]
[87][85,(0, 31),85,E,43,167,0.0]
[89][86,(0, 32),87,E,44,166,0.0]
[90][87,(1, 32),89,S,45,165,0.0]
[95][89,(2, 32),90,S,46,164,0.0]
[131][90,(2, 33),95,E,47,163,0.0]
[133][93,(1, 33),131,N,48,164,0.0]
[136][94,(0, 33),133,N,49,165,0.0]
[138][98,(0, 34),136,E,50,164,0.0]
[139][99,(0, 35),138,E,51,163,0.0]
[140][100,(0, 36),139,E,52,162,0.0]
[142][101,(0, 37),140,E,53,161,0.0]
[144][102,(0, 38),142,E,54,160,0.0]
[146][103,(1, 38),144,S,55,159,0.0]
[149][105,(1, 39),146,E,56,158,0.0]
[152][106,(2, 39),149,S,57,157,0.0]
[158][107,(2, 40),152,E,58,156,0.0]
[160][111,(1, 40),158,N,59,157,0.0]
[163][113,(1, 41),160,E,60,156,0.0]
[164][114,(0, 41),163,N,61,157,0.0]
[167][115,(0, 42),164,E,62,156,0.0]
[168][116,(0, 43),167,E,63,155,0.0]
[169][119,(0, 44),168,E,64,154,0.0]
[171][120,(0, 45),169,E,65,153,0.0]
[173][124,(1, 45),171,S,66,152,0.0]
[176][125,(1, 46),173,E,67,151,0.0]
[178][126,(2, 46),176,S,68,150,0.0]
[183][128,(2, 47),178,E,69,149,0.0]
[185][129,(1, 47),183,N,70,150,0.0]
[188][130,(0, 47),185,N,71,151,0.0]
[190][132,(0, 48),188,E,72,150,0.0]
[192][135,(0, 49),190,E,73,149,0.0]
[193][138,(1, 49),192,S,74,148,0.0]
[194][141,(1, 50),193,E,75,147,0.0]
[196][144,(1, 51),194,E,76,146,0.0]
[199][147,(1, 52),196,E,77,145,0.0]
[203][151,(2, 52),199,S,78,144,0.0]
[208][154,(3, 52),203,S,79,143,0.0]
[255][155,(3, 53),208,E,80,142,0.0]
[257][158,(2, 53),255,N,81,143,0.0]
[260][159,(2, 54),257,E,82,142,0.0]
[261][160,(1, 54),260,N,83,143,0.0]
[264][163,(1, 55),261,E,84,142,0.0]
[268][165,(1, 56),264,E,85,141,0.0]
[270][166,(1, 57),268,E,86,140,0.0]
[272][168,(0, 57),270,N,87,141,0.0]
[275][169,(0, 58),272,E,88,140,0.0]
[276][170,(0, 59),275,E,89,139,0.0]
[277][171,(1, 59),276,S,90,138,0.0]
[279][175,(1, 60),277,E,91,137,0.0]
[281][177,(0, 60),279,N,92,138,0.0]
[282][178,(0, 61),281,E,93,137,0.0]
[283][179,(0, 62),282,E,94,136,0.0]
[285][181,(0, 63),283,E,95,135,0.0]
[287][183,(0, 64),285,E,96,134,0.0]
[288][184,(0, 65),287,E,97,133,0.0]
[290][187,(0, 66),288,E,98,132,0.0]
[292][188,(0, 67),290,E,99,131,0.0]
[293][191,(0, 68),292,E,100,130,0.0]
[295][192,(0, 69),293,E,101,129,0.0]
[296][196,(1, 69),295,S,102,128,0.0]
[306][198,(1, 70),296,E,103,127,0.0]
[308][201,(0, 70),306,N,104,128,0.0]
[311][204,(0, 71),308,E,105,127,0.0]
[312][205,(0, 72),311,E,106,126,0.0]
[313][208,(0, 73),312,E,107,125,0.0]
[315][209,(0, 74),313,E,108,124,0.0]
[317][212,(0, 75),315,E,109,123,0.0]
[319][215,(0, 76),317,E,110,122,0.0]
[321][216,(0, 77),319,E,111,121,0.0]
[323][218,(1, 77),321,S,112,120,0.0]
[328][222,(1, 78),323,E,113,119,0.0]
[330][223,(0, 78),328,N,114,120,0.0]
[333][225,(0, 79),330,E,115,119,0.0]
[334][226,(0, 80),333,E,116,118,0.0]
[336][230,(1, 80),334,S,117,117,0.0]
[338][231,(1, 81),336,E,118,116,0.0]
[339][234,(1, 82),338,E,119,115,0.0]
[342][237,(1, 83),339,E,120,114,0.0]
[345][240,(1, 84),342,E,121,113,0.0]
[347][242,(0, 84),345,N,122,114,0.0]
[350][243,(0, 85),347,E,123,113,0.0]
[351][244,(0, 86),350,E,124,112,0.0]
[352][247,(0, 87),351,E,125,111,0.0]
[354][248,(1, 87),352,S,126,110,0.0]
[357][249,(1, 86),354,O,127,111,0.0]
[358][250,(2, 86),357,S,128,110,0.0]
[420][251,(2, 87),358,E,129,109,0.0]
[422][253,(3, 87),420,S,130,108,0.0]
[466][254,(3, 88),422,E,131,107,0.0]
[468][255,(4, 88),466,S,132,106,0.0]
[573][256,(4, 89),468,E,133,105,0.0]
[575][258,(5, 89),573,S,134,104,0.0]
[676][259,(6, 89),575,S,135,103,0.0]
[776][260,(7, 89),676,S,136,102,0.0]
[869][261,(8, 89),776,S,137,101,0.0]
[975][264,(9, 89),869,S,138,100,0.0]
[1069][267,(10, 89),975,S,139,99,0.0]
[1177][268,(11, 89),1069,S,140,98,0.0]
[1271][269,(12, 89),1177,S,141,97,0.0]
[1369][270,(13, 89),1271,S,142,96,0.0]
[1472][271,(14, 89),1369,S,143,95,0.0]
[1571][273,(14, 90),1472,E,144,94,0.0]
[1573][274,(14, 91),1571,E,145,93,0.0]
[1574][277,(15, 91),1573,S,146,92,0.0]
[1680][278,(16, 91),1574,S,147,91,0.0]
[1768][281,(17, 91),1680,S,148,90,0.0]
[1878][282,(18, 91),1768,S,149,89,0.0]
[1979][283,(19, 91),1878,S,150,88,0.0]
[2075][285,(20, 91),1979,S,151,87,0.0]
[2173][286,(21, 91),2075,S,152,86,0.0]
[2273][287,(22, 91),2173,S,153,85,0.0]
[2369][289,(23, 91),2273,S,154,84,0.0]
[2471][291,(24, 91),2369,S,155,83,0.0]
[2576][295,(25, 91),2471,S,156,82,0.0]
[2672][296,(25, 92),2576,E,157,81,0.0]
[2674][299,(26, 92),2672,S,158,80,0.0]
[2768][303,(27, 92),2674,S,159,79,0.0]
[2874][305,(27, 93),2768,E,160,78,0.0]
[2876][308,(28, 93),2874,S,161,77,0.0]
[2973][309,(29, 93),2876,S,162,76,0.0]
[3073][313,(30, 93),2973,S,163,75,0.0]
[3182][314,(31, 93),3073,S,164,74,0.0]
[3273][316,(32, 93),3182,S,165,73,0.0]
[3366][319,(33, 93),3273,S,166,72,0.0]
[3477][320,(33, 92),3366,O,167,73,0.0]
[3478][323,(34, 92),3477,S,168,72,0.0]
[3574][326,(34, 93),3478,E,169,71,0.0]
[3576][327,(35, 93),3574,S,170,70,0.0]
[3674][328,(36, 93),3576,S,171,69,0.0]
[3768][331,(37, 93),3674,S,172,68,0.0]
[3873][334,(37, 94),3768,E,173,67,0.0]
[3875][335,(38, 94),3873,S,174,66,0.0]
[3973][338,(39, 94),3875,S,175,65,0.0]
[4071][339,(40, 94),3973,S,176,64,0.0]
[4184][340,(41, 94),4071,S,177,63,0.0]
[4282][341,(42, 94),4184,S,178,62,0.0]
[4377][342,(43, 94),4282,S,179,61,0.0]
[4476][343,(44, 94),4377,S,180,60,0.0]
[4580][344,(45, 94),4476,S,181,59,0.0]
[4678][347,(45, 95),4580,E,182,58,0.0]
[4679][350,(45, 96),4678,E,183,57,0.0]
[4681][351,(46, 96),4679,S,184,56,0.0]
[4778][354,(47, 96),4681,S,185,55,0.0]
[4884][355,(48, 96),4778,S,186,54,0.0]
[4978][356,(48, 97),4884,E,187,53,0.0]
[4979][358,(49, 97),4978,S,188,52,0.0]
[5084][362,(50, 97),4979,S,189,51,0.0]
[5181][366,(51, 97),5084,S,190,50,0.0]
[5276][368,(52, 97),5181,S,191,49,0.0]
[5383][369,(53, 97),5276,S,192,48,0.0]
[5477][373,(54, 97),5383,S,193,47,0.0]
[5581][374,(55, 97),5477,S,194,46,0.0]
[5675][378,(56, 97),5581,S,195,45,0.0]
[5776][382,(57, 97),5675,S,196,44,0.0]
[5884][383,(58, 97),5776,S,197,43,0.0]
[5980][384,(59, 97),5884,S,198,42,0.0]
[6084][388,(60, 97),5980,S,199,41,0.0]
[6179][389,(61, 97),6084,S,200,40,0.0]
[6280][393,(62, 97),6179,S,201,39,0.0]
[6384][394,(62, 96),6280,O,202,40,0.0]
[6385][395,(63, 96),6384,S,203,39,0.0]
[6473][396,(64, 96),6385,S,204,38,0.0]
[6579][397,(65, 96),6473,S,205,37,0.0]
[6682][398,(66, 96),6579,S,206,36,0.0]
[6783][399,(67, 96),6682,S,207,35,0.0]
[6880][400,(68, 96),6783,S,208,34,0.0]
[6969][404,(69, 96),6880,S,209,33,0.0]
[7077][406,(70, 96),6969,S,210,32,0.0]
[7176][407,(71, 96),7077,S,211,31,0.0]
[7274][408,(72, 96),7176,S,212,30,0.0]
[7375][411,(73, 96),7274,S,213,29,0.0]
[7478][412,(74, 96),7375,S,214,28,0.0]
[7581][414,(75, 96),7478,S,215,27,0.0]
[7688][415,(76, 96),7581,S,216,26,0.0]
[7780][417,(76, 97),7688,E,217,25,0.0]
[7781][419,(77, 97),7780,S,218,24,0.0]
[7877][422,(78, 97),7781,S,219,23,0.0]
[7974][424,(79, 97),7877,S,220,22,0.0]
[8072][425,(80, 97),7974,S,221,21,0.0]
[8176][426,(81, 97),8072,S,222,20,0.0]
[8274][427,(82, 97),8176,S,223,19,0.0]
[8375][430,(82, 98),8274,E,224,18,0.0]
[8379][433,(83, 98),8375,S,225,17,0.0]
[8479][435,(84, 98),8379,S,226,16,0.0]
[8586][436,(85, 98),8479,S,227,15,0.0]
[8677][437,(85, 97),8586,O,228,16,0.0]
[8678][441,(86, 97),8677,S,229,15,0.0]
[8781][444,(87, 97),8678,S,230,14,0.0]
[8884][448,(87, 98),8781,E,231,13,0.0]
[8886][451,(88, 98),8884,S,232,12,0.0]
[8980][452,(89, 98),8886,S,233,11,0.0]
[9081][455,(90, 98),8980,S,234,10,0.0]
[9186][459,(90, 97),9081,O,235,11,0.0]
[9187][460,(91, 97),9186,S,236,10,0.0]
[9277][463,(92, 97),9187,S,237,9,0.0]
[9378][464,(93, 97),9277,S,238,8,0.0]
[9480][468,(94, 97),9378,S,239,7,0.0]
[9578][469,(95, 97),9480,S,240,6,0.0]
[9676][472,(96, 97),9578,S,241,5,0.0]
[9778][476,(96, 98),9676,E,242,4,0.0]
[9780][477,(97, 98),9778,S,243,3,0.0]
[9878][479,(97, 99),9780,E,244,2,0.0]
[9880][480,(98, 99),9878,S,245,1,0.0]
[9990][484,(99, 99),9880,S,246,0,0.0]
