[id][cost,state,father_id,action,depth,h,value]
[0][0,(0, 0),None,None,0,48,0]
[1][1,(0, 1),0,E,1,47,1.0]
[3][2,(0, 2),1,E,2,46,0.0]
[8][4,(0, 3),3,E,3,45,0.0]
[9][8,(0, 4),8,E,4,44,0.0]
[10][9,(1, 4),9,S,5,43,0.0]
[17][10,(1, 5),10,E,6,42,0.0]
[19][11,(0, 5),17,N,7,43,0.0]
[22][13,(0, 6),19,E,8,42,0.0]
[23][14,(0, 7),22,E,9,41,0.0]
[24][16,(0, 8),23,E,10,40,0.0]
[25][19,(0, 9),24,E,11,39,0.0]
[27][23,(0, 10),25,E,12,38,0.0]
[29][27,(0, 11),27,E,13,37,0.0]
[30][29,(0, 12),29,E,14,36,0.0]
[32][31,(0, 13),30,E,15,35,0.0]
[33][32,(0, 14),32,E,16,34,0.0]
[35][34,(0, 15),33,E,17,33,0.0]
[37][35,(0, 16),35,E,18,32,0.0]
[39][37,(0, 17),37,E,19,31,0.0]
[40][38,(0, 18),39,E,20,30,0.0]
[42][39,(0, 19),40,E,21,29,0.0]
[43][40,(0, 20),42,E,22,28,0.0]
[44][43,(0, 21),43,E,23,27,0.0]
[45][44,(0, 22),44,E,24,26,0.0]
[46][47,(0, 23),45,E,25,25,0.0]
[49][48,(1, 23),46,S,26,24,0.0]
[75][49,(2, 23),49,S,27,23,0.0]
[97][51,(3, 23),75,S,28,22,0.0]
[121][54,(4, 23),97,S,29,21,0.0]
[145][55,(5, 23),121,S,30,20,0.0]
[173][58,(6, 23),145,S,31,19,0.0]
[195][59,(7, 23),173,S,32,18,0.0]
[222][60,(8, 23),195,S,33,17,0.0]
[246][61,(9, 23),222,S,34,16,0.0]
[271][62,(10, 23),246,S,35,15,0.0]
[296][64,(11, 23),271,S,36,14,0.0]
[322][68,(12, 23),296,S,37,13,0.0]
[344][69,(12, 24),322,E,38,12,0.0]
[346][71,(13, 24),344,S,39,11,0.0]
[373][73,(14, 24),346,S,40,10,0.0]
[397][75,(14, 23),373,O,41,11,0.0]
[398][76,(15, 23),397,S,42,10,0.0]
[423][79,(16, 23),398,S,43,9,0.0]
[443][80,(16, 24),423,E,44,8,0.0]
[445][81,(17, 24),443,S,45,7,0.0]
[473][84,(18, 24),445,S,46,6,0.0]
[496][86,(19, 24),473,S,47,5,0.0]
[526][87,(20, 24),496,S,48,4,0.0]
[544][91,(21, 24),526,S,49,3,0.0]
[573][92,(22, 24),544,S,50,2,0.0]
[601][93,(23, 24),573,S,51,1,0.0]
[623][97,(24, 24),601,S,52,0,0.0]
