[id][cost,state,father_id,action,depth,h,value]
[0][0,(0, 0),None,None,0,48,0]
[1][1,(0, 1),0,E,1,47,1.0]
[4][3,(1, 1),1,S,2,46,3.0]
[8][4,(1, 2),4,E,3,45,4.0]
[11][5,(1, 3),8,E,4,44,5.0]
[15][6,(2, 3),11,S,5,43,6.0]
[20][7,(3, 3),15,S,6,42,7.0]
[27][8,(3, 4),20,E,7,41,8.0]
[34][9,(4, 4),27,S,8,40,9.0]
[38][10,(5, 4),34,S,9,39,10.0]
[46][11,(6, 4),38,S,10,38,11.0]
[53][12,(7, 4),46,S,11,37,12.0]
[58][13,(7, 5),53,E,12,36,13.0]
[64][14,(7, 6),58,E,13,35,14.0]
[68][16,(8, 6),64,S,14,34,16.0]
[83][17,(8, 7),68,E,15,33,17.0]
[87][18,(8, 8),83,E,16,32,18.0]
[93][19,(8, 9),87,E,17,31,19.0]
[99][20,(9, 9),93,S,18,30,20.0]
[114][22,(10, 9),99,S,19,29,22.0]
[134][23,(11, 9),114,S,20,28,23.0]
[145][24,(11, 10),134,E,21,27,24.0]
[153][26,(11, 11),145,E,22,26,26.0]
[176][27,(11, 12),153,E,23,25,27.0]
[190][31,(11, 13),176,E,24,24,31.0]
[238][32,(11, 14),190,E,25,23,32.0]
[253][33,(11, 15),238,E,26,22,33.0]
[269][34,(12, 15),253,S,27,21,34.0]
[281][35,(13, 15),269,S,28,20,35.0]
[299][36,(14, 15),281,S,29,19,36.0]
[318][37,(15, 15),299,S,30,18,37.0]
[338][38,(16, 15),318,S,31,17,38.0]
[352][39,(17, 15),338,S,32,16,39.0]
[375][40,(17, 16),352,E,33,15,40.0]
[400][41,(17, 17),375,E,34,14,41.0]
[423][42,(18, 17),400,S,35,13,42.0]
[441][43,(19, 17),423,S,36,12,43.0]
[462][44,(20, 17),441,S,37,11,44.0]
[486][45,(21, 17),462,S,38,10,45.0]
[505][46,(21, 18),486,E,39,9,46.0]
[527][47,(21, 19),505,E,40,8,47.0]
[547][48,(21, 20),527,E,41,7,48.0]
[565][52,(21, 21),547,E,42,6,52.0]
[602][53,(21, 22),565,E,43,5,53.0]
[611][54,(22, 22),602,S,44,4,54.0]
[616][55,(22, 23),611,E,45,3,55.0]
[619][56,(22, 24),616,E,46,2,56.0]
[621][57,(23, 24),619,S,47,1,57.0]
[625][61,(24, 24),621,S,48,0,61.0]
