[id][cost,state,father_id,action,depth,h,value]
[0][0,(0, 0),None,None,0,73,1]
[1][4,(0, 1),0,E,1,72,1]
[3][5,(0, 2),1,E,2,71,0]
[6][8,(1, 2),3,S,3,70,0]
[11][10,(1, 1),6,O,4,71,0]
[14][13,(2, 1),11,S,5,70,0]
[19][14,(2, 2),14,E,6,69,0]
[24][16,(2, 3),19,E,7,68,0]
[27][19,(1, 3),24,N,8,69,0]
[31][20,(0, 3),27,N,9,70,0]
[35][21,(0, 4),31,E,10,69,0]
[37][24,(0, 5),35,E,11,68,0]
[40][27,(0, 6),37,E,12,67,0]
[43][30,(0, 7),40,E,13,66,0]
[46][32,(0, 8),43,E,14,65,0]
[49][34,(0, 9),46,E,15,64,0]
[52][35,(0, 10),49,E,16,63,0]
[55][39,(0, 11),52,E,17,62,0]
[57][41,(0, 12),55,E,18,61,0]
[60][43,(0, 13),57,E,19,60,0]
[63][44,(0, 14),60,E,20,59,0]
[66][47,(0, 15),63,E,21,58,0]
[69][48,(0, 16),66,E,22,57,0]
[72][49,(0, 17),69,E,23,56,0]
[75][50,(0, 18),72,E,24,55,0]
[78][51,(1, 18),75,S,25,54,0]
[81][52,(2, 18),78,S,26,53,0]
[84][54,(2, 17),81,O,27,54,0]
[87][55,(3, 17),84,S,28,53,0]
[93][56,(3, 16),87,O,29,54,0]
[94][57,(2, 16),93,N,30,55,0]
[99][58,(2, 15),94,O,31,56,0]
[100][61,(1, 15),99,N,32,57,0]
[107][62,(1, 14),100,O,33,58,0]
[111][63,(1, 13),107,O,34,59,0]
[114][66,(1, 12),111,O,35,60,0]
[118][69,(1, 11),114,O,36,61,0]
[121][70,(2, 11),118,S,37,60,0]
[124][71,(2, 10),121,O,38,61,0]
[125][73,(1, 10),124,N,39,62,0]
[130][74,(1, 9),125,O,40,63,0]
[134][75,(1, 8),130,O,41,64,0]
[138][78,(1, 7),134,O,42,65,0]
[142][79,(1, 6),138,O,43,66,0]
[145][81,(1, 5),142,O,44,67,0]
[149][82,(1, 4),145,O,45,68,0]
[152][83,(2, 4),149,S,46,67,0]
[155][84,(2, 5),152,E,47,66,0]
[158][87,(3, 5),155,S,48,65,0]
[161][88,(4, 5),158,S,49,64,0]
[170][89,(4, 4),161,O,50,65,0]
[173][92,(4, 3),170,O,51,66,0]
[175][95,(5, 3),173,S,52,65,0]
[178][98,(5, 2),175,O,53,66,0]
[179][100,(4, 2),178,N,54,67,0]
[183][101,(3, 2),179,N,55,68,0]
[187][104,(3, 1),183,O,56,69,0]
[191][106,(3, 0),187,O,57,70,0]
[193][109,(4, 0),191,S,58,69,0]
[195][112,(4, 1),193,E,59,68,0]
[198][113,(5, 1),195,S,60,67,0]
[203][114,(5, 0),198,O,61,68,0]
[206][115,(6, 0),203,S,62,67,0]
[208][117,(6, 1),206,E,63,66,0]
[211][119,(6, 2),208,E,64,65,0]
[214][120,(6, 3),211,E,65,64,0]
[218][121,(6, 4),214,E,66,63,0]
[221][123,(5, 4),218,N,67,64,0]
[226][127,(5, 5),221,E,68,63,0]
[229][128,(6, 5),226,S,69,62,0]
[232][129,(6, 6),229,E,70,61,0]
[235][132,(6, 7),232,E,71,60,0]
[238][135,(5, 7),235,N,72,61,0]
[241][136,(4, 7),238,N,73,62,0]
[246][140,(4, 8),241,E,74,61,0]
[266][141,(3, 8),246,N,75,62,0]
[269][144,(3, 9),266,E,76,61,0]
[271][145,(3, 10),269,E,77,60,0]
[275][146,(3, 11),271,E,78,59,0]
[279][149,(3, 12),275,E,79,58,0]
[283][150,(3, 13),279,E,80,57,0]
[288][153,(4, 13),283,S,81,56,0]
[291][157,(4, 14),288,E,82,55,0]
[297][158,(4, 15),291,E,83,54,0]
[308][159,(4, 16),297,E,84,53,0]
[315][160,(4, 17),308,E,85,52,0]
[319][162,(5, 17),315,S,86,51,0]
[324][164,(5, 16),319,O,87,52,0]
[328][168,(5, 15),324,O,88,53,0]
[332][169,(5, 14),328,O,89,54,0]
[335][172,(6, 14),332,S,90,53,0]
[338][176,(6, 13),335,O,91,54,0]
[340][177,(7, 13),338,S,92,53,0]
[348][178,(7, 12),340,O,93,54,0]
[351][180,(7, 11),348,O,94,55,0]
[352][183,(6, 11),351,N,95,56,0]
[356][184,(6, 10),352,O,96,57,0]
[359][185,(7, 10),356,S,97,56,0]
[383][188,(8, 10),359,S,98,55,0]
[387][191,(8, 9),383,O,99,56,0]
[388][192,(7, 9),387,N,100,57,0]
[392][195,(7, 8),388,O,101,58,0]
[396][197,(7, 7),392,O,102,59,0]
[401][198,(7, 6),396,O,103,60,0]
[404][200,(7, 5),401,O,104,61,0]
[408][204,(7, 4),404,O,105,62,0]
[411][205,(8, 4),408,S,106,61,0]
[415][207,(8, 3),411,O,107,62,0]
[418][211,(8, 2),415,O,108,63,0]
[419][213,(7, 2),418,N,109,64,0]
[426][215,(7, 1),419,O,110,65,0]
[429][216,(7, 0),426,O,111,66,0]
[432][217,(8, 0),429,S,112,65,0]
[434][220,(8, 1),432,E,113,64,0]
[438][223,(9, 1),434,S,114,63,0]
[443][224,(9, 0),438,O,115,64,0]
[446][227,(10, 0),443,S,116,63,0]
[448][228,(10, 1),446,E,117,62,0]
[451][229,(10, 2),448,E,118,61,0]
[454][231,(9, 2),451,N,119,62,0]
[459][232,(9, 3),454,E,120,61,0]
[463][234,(10, 3),459,S,121,60,0]
[466][235,(10, 4),463,E,122,59,0]
[470][237,(10, 5),466,E,123,58,0]
[474][238,(10, 6),470,E,124,57,0]
[476][241,(9, 6),474,N,125,58,0]
[480][245,(9, 7),476,E,126,57,0]
[490][248,(8, 7),480,N,127,58,0]
[495][250,(8, 8),490,E,128,57,0]
[498][252,(9, 8),495,S,129,56,0]
[501][253,(9, 9),498,E,130,55,0]
[505][255,(9, 10),501,E,131,54,0]
[509][259,(9, 11),505,E,132,53,0]
[512][262,(8, 11),509,N,133,54,0]
[515][263,(8, 12),512,E,134,53,0]
[519][267,(9, 12),515,S,135,52,0]
[522][268,(9, 13),519,E,136,51,0]
[524][271,(8, 13),522,N,137,52,0]
[529][272,(8, 14),524,E,138,51,0]
[531][273,(9, 14),529,S,139,50,0]
[534][275,(10, 14),531,S,140,49,0]
[539][279,(10, 13),534,O,141,50,0]
[542][280,(10, 12),539,O,142,51,0]
[546][281,(10, 11),542,O,143,52,0]
[549][284,(10, 10),546,O,144,53,0]
[553][285,(10, 9),549,O,145,54,0]
[556][286,(10, 8),553,O,146,55,0]
[560][288,(10, 7),556,O,147,56,0]
[563][289,(11, 7),560,S,148,55,0]
[568][291,(11, 6),563,O,149,56,0]
[571][294,(11, 5),568,O,150,57,0]
[574][296,(11, 4),571,O,151,58,0]
[577][297,(11, 3),574,O,152,59,0]
[581][298,(11, 2),577,O,153,60,0]
[585][299,(11, 1),581,O,154,61,0]
[589][303,(11, 0),585,O,155,62,0]
[592][306,(12, 0),589,S,156,61,0]
[595][308,(13, 0),592,S,157,60,0]
[599][309,(14, 0),595,S,158,59,0]
[601][313,(14, 1),599,E,159,58,0]
[603][317,(13, 1),601,N,160,59,0]
[606][318,(13, 2),603,E,161,58,0]
[608][322,(12, 2),606,N,162,59,0]
[613][323,(12, 3),608,E,163,58,0]
[616][324,(12, 4),613,E,164,57,0]
[620][327,(12, 5),616,E,165,56,0]
[624][329,(12, 6),620,E,166,55,0]
[627][330,(12, 7),624,E,167,54,0]
[630][332,(13, 7),627,S,168,53,0]
[635][333,(13, 6),630,O,169,54,0]
[637][334,(13, 5),635,O,170,55,0]
[640][335,(14, 5),637,S,171,54,0]
[644][338,(14, 4),640,O,172,55,0]
[646][339,(15, 4),644,S,173,54,0]
[650][343,(15, 3),646,O,174,55,0]
[654][344,(15, 2),650,O,175,56,0]
[666][345,(15, 1),654,O,176,57,0]
[671][349,(15, 0),666,O,177,58,0]
[674][350,(16, 0),671,S,178,57,0]
[676][352,(16, 1),674,E,179,56,0]
[678][355,(16, 2),676,E,180,55,0]
[681][358,(16, 3),678,E,181,54,0]
[685][359,(17, 3),681,S,182,53,0]
[690][360,(17, 2),685,O,183,54,0]
[693][364,(17, 1),690,O,184,55,0]
[696][367,(17, 0),693,O,185,56,0]
[699][368,(18, 0),696,S,186,55,0]
[701][369,(19, 0),699,S,187,54,0]
[703][371,(19, 1),701,E,188,53,0]
[706][374,(19, 2),703,E,189,52,0]
[711][375,(19, 3),706,E,190,51,0]
[713][377,(18, 3),711,N,191,52,0]
[718][379,(18, 4),713,E,192,51,0]
[722][383,(17, 4),718,N,193,52,0]
[725][384,(16, 4),722,N,194,53,0]
[730][388,(16, 5),725,E,195,52,0]
[733][390,(16, 6),730,E,196,51,0]
[739][391,(15, 6),733,N,197,52,0]
[743][392,(14, 6),739,N,198,53,0]
[746][393,(14, 7),743,E,199,52,0]
[750][394,(14, 8),746,E,200,51,0]
[753][398,(13, 8),750,N,201,52,0]
[757][402,(13, 9),753,E,202,51,0]
[761][403,(13, 10),757,E,203,50,0]
[775][405,(12, 10),761,N,204,51,0]
[779][407,(12, 11),775,E,205,50,0]
[786][408,(12, 12),779,E,206,49,0]
[789][411,(12, 13),786,E,207,48,0]
[793][415,(13, 13),789,S,208,47,0]
[802][417,(13, 12),793,O,209,48,0]
[805][420,(14, 12),802,S,210,47,0]
[809][421,(14, 11),805,O,211,48,0]
[813][422,(14, 10),809,O,212,49,0]
[819][423,(14, 9),813,O,213,50,0]
[822][424,(15, 9),819,S,214,49,0]
[825][428,(15, 10),822,E,215,48,0]
[831][430,(15, 11),825,E,216,47,0]
[835][432,(16, 11),831,S,217,46,0]
[838][434,(16, 12),835,E,218,45,0]
[840][437,(15, 12),838,N,219,46,0]
[845][438,(15, 13),840,E,220,45,0]
[848][439,(15, 14),845,E,221,44,0]
[855][442,(15, 15),848,E,222,43,0]
[859][443,(15, 16),855,E,223,42,0]
[861][444,(15, 17),859,E,224,41,0]
[864][448,(14, 17),861,N,225,42,0]
[867][449,(13, 17),864,N,226,43,0]
[872][451,(13, 16),867,O,227,44,0]
[873][452,(12, 16),872,N,228,45,0]
[877][453,(11, 16),873,N,229,46,0]
[881][454,(10, 16),877,N,230,47,0]
[885][458,(9, 16),881,N,231,48,0]
[889][459,(8, 16),885,N,232,49,0]
[894][461,(8, 15),889,O,233,50,0]
[895][463,(7, 15),894,N,234,51,0]
[898][465,(7, 16),895,E,235,50,0]
[904][466,(7, 17),898,E,236,49,0]
[912][467,(6, 17),904,N,237,50,0]
[917][469,(6, 18),912,E,238,49,0]
[919][470,(5, 18),917,N,239,50,0]
[923][471,(4, 18),919,N,240,51,0]
[927][473,(3, 18),923,N,241,52,0]
[929][474,(3, 19),927,E,242,51,0]
[932][478,(3, 20),929,E,243,50,0]
[935][479,(2, 20),932,N,244,51,0]
[941][480,(2, 19),935,O,245,52,0]
[942][481,(1, 19),941,N,246,53,0]
[946][483,(1, 20),942,E,247,52,0]
[949][484,(1, 21),946,E,248,51,0]
[951][485,(0, 21),949,N,249,52,0]
[955][487,(0, 22),951,E,250,51,0]
[959][488,(0, 23),955,E,251,50,0]
[962][492,(0, 24),959,E,252,49,0]
[965][496,(1, 24),962,S,253,48,0]
[968][497,(1, 23),965,O,254,49,0]
[972][498,(1, 22),968,O,255,50,0]
[975][501,(2, 22),972,S,256,49,0]
[978][504,(2, 23),975,E,257,48,0]
[981][507,(2, 24),978,E,258,47,0]
[983][508,(3, 24),981,S,259,46,0]
[987][509,(3, 23),983,O,260,47,0]
[989][511,(3, 22),987,O,261,48,0]
[993][512,(3, 21),989,O,262,49,0]
[996][513,(4, 21),993,S,263,48,0]
[1002][516,(5, 21),996,S,264,47,0]
[1004][517,(5, 22),1002,E,265,46,0]
[1018][518,(4, 22),1004,N,266,47,0]
[1023][522,(4, 23),1018,E,267,46,0]
[1025][523,(5, 23),1023,S,268,45,0]
[1028][524,(5, 24),1025,E,269,44,0]
[1032][528,(6, 24),1028,S,270,43,0]
[1037][529,(6, 23),1032,O,271,44,0]
[1041][531,(6, 22),1037,O,272,45,0]
[1044][534,(7, 22),1041,S,273,44,0]
[1051][536,(7, 21),1044,O,274,45,0]
[1054][538,(7, 20),1051,O,275,46,0]
[1057][539,(7, 19),1054,O,276,47,0]
[1059][540,(8, 19),1057,S,277,46,0]
[1063][544,(8, 18),1059,O,278,47,0]
[1067][545,(8, 17),1063,O,279,48,0]
[1073][547,(9, 17),1067,S,280,47,0]
[1076][548,(9, 18),1073,E,281,46,0]
[1078][552,(9, 19),1076,E,282,45,0]
[1082][553,(9, 20),1078,E,283,44,0]
[1085][554,(8, 20),1082,N,284,45,0]
[1090][557,(8, 21),1085,E,285,44,0]
[1094][558,(8, 22),1090,E,286,43,0]
[1098][561,(9, 22),1094,S,287,42,0]
[1103][563,(9, 21),1098,O,288,43,0]
[1106][566,(10, 21),1103,S,289,42,0]
[1110][570,(10, 20),1106,O,290,43,0]
[1114][571,(10, 19),1110,O,291,44,0]
[1117][575,(11, 19),1114,S,292,43,0]
[1123][577,(11, 18),1117,O,293,44,0]
[1125][578,(12, 18),1123,S,294,43,0]
[1136][580,(12, 19),1125,E,295,42,0]
[1138][581,(13, 19),1136,S,296,41,0]
[1142][582,(13, 18),1138,O,297,42,0]
[1144][583,(14, 18),1142,S,298,41,0]
[1147][584,(14, 19),1144,E,299,40,0]
[1150][585,(14, 20),1147,E,300,39,0]
[1153][586,(13, 20),1150,N,301,40,0]
[1157][587,(12, 20),1153,N,302,41,0]
[1161][588,(12, 21),1157,E,303,40,0]
[1163][589,(12, 22),1161,E,304,39,0]
[1167][592,(12, 23),1163,E,305,38,0]
[1205][594,(12, 24),1167,E,306,37,0]
[1207][595,(13, 24),1205,S,307,36,0]
[1211][598,(13, 23),1207,O,308,37,0]
[1213][599,(13, 22),1211,O,309,38,0]
[1217][601,(13, 21),1213,O,310,39,0]
[1220][603,(14, 21),1217,S,311,38,0]
[1223][606,(14, 22),1220,E,312,37,0]
[1227][610,(14, 23),1223,E,313,36,0]
[1230][613,(14, 24),1227,E,314,35,0]
[1233][614,(15, 24),1230,S,315,34,0]
[1237][618,(15, 23),1233,O,316,35,0]
[1239][619,(16, 23),1237,S,317,34,0]
[1243][620,(16, 22),1239,O,318,35,0]
[1244][624,(15, 22),1243,N,319,36,0]
[1250][626,(15, 21),1244,O,320,37,0]
[1254][629,(15, 20),1250,O,321,38,0]
[1257][630,(16, 20),1254,S,322,37,0]
[1259][633,(16, 21),1257,E,323,36,0]
[1263][634,(17, 21),1259,S,324,35,0]
[1267][638,(17, 20),1263,O,325,36,0]
[1271][640,(17, 19),1267,O,326,37,0]
[1275][643,(17, 18),1271,O,327,38,0]
[1278][647,(17, 17),1275,O,328,39,0]
[1279][648,(16, 17),1278,N,329,40,0]
[1285][649,(16, 16),1279,O,330,41,0]
[1289][653,(16, 15),1285,O,331,42,0]
[1292][654,(16, 14),1289,O,332,43,0]
[1295][656,(17, 14),1292,S,333,42,0]
[1303][657,(17, 13),1295,O,334,43,0]
[1305][659,(18, 13),1303,S,335,42,0]
[1309][661,(18, 12),1305,O,336,43,0]
[1310][664,(17, 12),1309,N,337,44,0]
[1315][668,(17, 11),1310,O,338,45,0]
[1319][669,(17, 10),1315,O,339,46,0]
[1320][672,(16, 10),1319,N,340,47,0]
[1326][673,(16, 9),1320,O,341,48,0]
[1329][675,(17, 9),1326,S,342,47,0]
[1332][676,(18, 9),1329,S,343,46,0]
[1336][677,(18, 8),1332,O,344,47,0]
[1338][680,(19, 8),1336,S,345,46,0]
[1342][684,(19, 7),1338,O,346,47,0]
[1344][685,(20, 7),1342,S,347,46,0]
[1348][687,(20, 6),1344,O,348,47,0]
[1349][688,(19, 6),1348,N,349,48,0]
[1355][690,(19, 5),1349,O,350,49,0]
[1380][692,(19, 4),1355,O,351,50,0]
[1388][693,(20, 4),1380,S,352,49,0]
[1393][697,(20, 3),1388,O,353,50,0]
[1396][699,(21, 3),1393,S,354,49,0]
[1400][700,(21, 2),1396,O,355,50,0]
[1401][701,(20, 2),1400,N,356,51,0]
[1406][702,(20, 1),1401,O,357,52,0]
[1409][706,(20, 0),1406,O,358,53,0]
[1412][709,(21, 0),1409,S,359,52,0]
[1414][710,(22, 0),1412,S,360,51,0]
[1416][711,(22, 1),1414,E,361,50,0]
[1419][715,(23, 1),1416,S,362,49,0]
[1426][716,(23, 0),1419,O,363,50,0]
[1429][717,(24, 0),1426,S,364,49,0]
[1431][718,(25, 0),1429,S,365,48,0]
[1433][719,(25, 1),1431,E,366,47,0]
[1435][720,(24, 1),1433,N,367,48,0]
[1440][721,(24, 2),1435,E,368,47,0]
[1442][724,(23, 2),1440,N,369,48,0]
[1446][727,(22, 2),1442,N,370,49,0]
[1451][729,(22, 3),1446,E,371,48,0]
[1454][730,(22, 4),1451,E,372,47,0]
[1457][731,(21, 4),1454,N,373,48,0]
[1461][732,(21, 5),1457,E,374,47,0]
[1465][733,(22, 5),1461,S,375,46,0]
[1472][734,(22, 6),1465,E,376,45,0]
[1476][737,(22, 7),1472,E,377,44,0]
[1481][738,(21, 7),1476,N,378,45,0]
[1486][739,(21, 8),1481,E,379,44,0]
[1488][740,(20, 8),1486,N,380,45,0]
[1492][741,(20, 9),1488,E,381,44,0]
[1495][745,(19, 9),1492,N,382,45,0]
[1499][746,(19, 10),1495,E,383,44,0]
[1502][749,(18, 10),1499,N,384,45,0]
[1507][750,(18, 11),1502,E,385,44,0]
[1511][751,(19, 11),1507,S,386,43,0]
[1514][754,(19, 12),1511,E,387,42,0]
[1518][755,(19, 13),1514,E,388,41,0]
[1522][757,(19, 14),1518,E,389,40,0]
[1525][758,(18, 14),1522,N,390,41,0]
[1530][759,(18, 15),1525,E,391,40,0]
[1534][760,(18, 16),1530,E,392,39,0]
[1541][763,(18, 17),1534,E,393,38,0]
[1547][766,(19, 17),1541,S,394,37,0]
[1552][767,(19, 16),1547,O,395,38,0]
[1554][769,(20, 16),1552,S,396,37,0]
[1556][770,(20, 17),1554,E,397,36,0]
[1559][771,(21, 17),1556,S,398,35,0]
[1562][774,(21, 16),1559,O,399,36,0]
[1565][775,(22, 16),1562,S,400,35,0]
[1569][776,(22, 15),1565,O,401,36,0]
[1570][777,(21, 15),1569,N,402,37,0]
[1575][778,(21, 14),1570,O,403,38,0]
[1580][780,(21, 13),1575,O,404,39,0]
[1586][781,(21, 12),1580,O,405,40,0]
[1590][784,(22, 12),1586,S,406,39,0]
[1594][787,(22, 11),1590,O,407,40,0]
[1595][788,(21, 11),1594,N,408,41,0]
[1600][789,(21, 10),1595,O,409,42,0]
[1610][792,(22, 10),1600,S,410,41,0]
[1615][794,(23, 10),1610,S,411,40,0]
[1621][797,(23, 9),1615,O,412,41,0]
[1624][798,(23, 8),1621,O,413,42,0]
[1627][799,(23, 7),1624,O,414,43,0]
[1633][802,(24, 7),1627,S,415,42,0]
[1638][806,(24, 8),1633,E,416,41,0]
[1639][809,(24, 9),1638,E,417,40,0]
[1643][812,(24, 10),1639,E,418,39,0]
[1647][813,(24, 11),1643,E,419,38,0]
[1650][815,(23, 11),1647,N,420,39,0]
[1655][818,(23, 12),1650,E,421,38,0]
[1659][819,(23, 13),1655,E,422,37,0]
[1662][821,(22, 13),1659,N,423,38,0]
[1667][822,(22, 14),1662,E,424,37,0]
[1672][823,(23, 14),1667,S,425,36,0]
[1675][825,(23, 15),1672,E,426,35,0]
[1678][826,(23, 16),1675,E,427,34,0]
[1681][828,(23, 17),1678,E,428,33,0]
[1684][831,(22, 17),1681,N,429,34,0]
[1688][834,(22, 18),1684,E,430,33,0]
[1691][837,(21, 18),1688,N,431,34,0]
[1695][839,(20, 18),1691,N,432,35,0]
[1698][843,(19, 18),1695,N,433,36,0]
[1701][844,(18, 18),1698,N,434,37,0]
[1705][845,(18, 19),1701,E,435,36,0]
[1708][846,(18, 20),1705,E,436,35,0]
[1712][848,(18, 21),1708,E,437,34,0]
[1716][849,(18, 22),1712,E,438,33,0]
[1718][850,(17, 22),1716,N,439,34,0]
[1723][852,(17, 23),1718,E,440,33,0]
[1727][856,(18, 23),1723,S,441,32,0]
[1735][857,(18, 24),1727,E,442,31,0]
[1737][858,(19, 24),1735,S,443,30,0]
[1741][861,(19, 23),1737,O,444,31,0]
[1744][862,(19, 22),1741,O,445,32,0]
[1747][863,(20, 22),1744,S,446,31,0]
[1751][864,(20, 21),1747,O,447,32,0]
[1753][865,(21, 21),1751,S,448,31,0]
[1757][866,(21, 20),1753,O,449,32,0]
[1758][869,(20, 20),1757,N,450,33,0]
[1764][870,(20, 19),1758,O,451,34,0]
[1771][874,(21, 19),1764,S,452,33,0]
[1778][875,(22, 19),1771,S,453,32,0]
[1781][876,(22, 20),1778,E,454,31,0]
[1785][879,(22, 21),1781,E,455,30,0]
[1789][880,(23, 21),1785,S,456,29,0]
[1793][881,(23, 20),1789,O,457,30,0]
[1797][882,(23, 19),1793,O,458,31,0]
[1801][884,(23, 18),1797,O,459,32,0]
[1804][885,(24, 18),1801,S,460,31,0]
[1807][886,(24, 19),1804,E,461,30,0]
[1810][889,(24, 20),1807,E,462,29,0]
[1814][891,(25, 20),1810,S,463,28,0]
[1819][895,(25, 19),1814,O,464,29,0]
[1823][896,(25, 18),1819,O,465,30,0]
[1826][897,(25, 17),1823,O,466,31,0]
[1827][899,(24, 17),1826,N,467,32,0]
[1833][902,(24, 16),1827,O,468,33,0]
[1837][905,(24, 15),1833,O,469,34,0]
[1840][906,(24, 14),1837,O,470,35,0]
[1844][910,(24, 13),1840,O,471,36,0]
[1848][912,(24, 12),1844,O,472,37,0]
[1851][915,(25, 12),1848,S,473,36,0]
[1855][916,(25, 11),1851,O,474,37,0]
[1859][917,(25, 10),1855,O,475,38,0]
[1863][918,(25, 9),1859,O,476,39,0]
[1867][919,(25, 8),1863,O,477,40,0]
[1871][923,(25, 7),1867,O,478,41,0]
[1874][926,(25, 6),1871,O,479,42,0]
[1875][927,(24, 6),1874,N,480,43,0]
[1880][928,(24, 5),1875,O,481,44,0]
[1881][932,(23, 5),1880,N,482,45,0]
[1886][935,(23, 4),1881,O,483,46,0]
[1888][936,(24, 4),1886,S,484,45,0]
[1892][937,(24, 3),1888,O,485,46,0]
[1895][938,(25, 3),1892,S,486,45,0]
[1902][940,(25, 2),1895,O,487,46,0]
[1905][943,(26, 2),1902,S,488,45,0]
[1908][945,(26, 3),1905,E,489,44,0]
[1910][948,(26, 4),1908,E,490,43,0]
[1914][950,(26, 5),1910,E,491,42,0]
[1920][954,(26, 6),1914,E,492,41,0]
[1926][958,(26, 7),1920,E,493,40,0]
[1930][960,(26, 8),1926,E,494,39,0]
[1934][961,(26, 9),1930,E,495,38,0]
[1937][965,(26, 10),1934,E,496,37,0]
[1940][967,(26, 11),1937,E,497,36,0]
[1944][969,(26, 12),1940,E,498,35,0]
[1947][972,(27, 12),1944,S,499,34,0]
[1952][973,(27, 11),1947,O,500,35,0]
[1954][976,(28, 11),1952,S,501,34,0]
[1958][977,(28, 10),1954,O,502,35,0]
[1961][980,(28, 9),1958,O,503,36,0]
[1962][983,(27, 9),1961,N,504,37,0]
[1968][984,(27, 8),1962,O,505,38,0]
[1970][987,(27, 7),1968,O,506,39,0]
[1974][988,(27, 6),1970,O,507,40,0]
[1978][992,(27, 5),1974,O,508,41,0]
[1982][993,(27, 4),1978,O,509,42,0]
[1986][996,(27, 3),1982,O,510,43,0]
[1990][998,(27, 2),1986,O,511,44,0]
[1993][999,(27, 1),1990,O,512,45,0]
[1996][1001,(28, 1),1993,S,513,44,0]
[2005][1003,(28, 2),1996,E,514,43,0]
[2010][1004,(28, 3),2005,E,515,42,0]
[2014][1007,(28, 4),2010,E,516,41,0]
[2017][1010,(29, 4),2014,S,517,40,0]
[2020][1014,(29, 5),2017,E,518,39,0]
[2023][1015,(29, 6),2020,E,519,38,0]
[2029][1017,(29, 7),2023,E,520,37,0]
[2034][1019,(28, 7),2029,N,521,38,0]
[2039][1021,(28, 8),2034,E,522,37,0]
[2042][1022,(29, 8),2039,S,523,36,0]
[2045][1023,(29, 9),2042,E,524,35,0]
[2049][1026,(29, 10),2045,E,525,34,0]
[2053][1027,(29, 11),2049,E,526,33,0]
[2057][1028,(29, 12),2053,E,527,32,0]
[2060][1030,(29, 13),2057,E,528,31,0]
[2063][1031,(28, 13),2060,N,529,32,0]
[2065][1032,(28, 14),2063,E,530,31,0]
[2071][1036,(27, 14),2065,N,531,32,0]
[2074][1037,(26, 14),2071,N,532,33,0]
[2078][1038,(25, 14),2074,N,533,34,0]
[2083][1040,(25, 15),2078,E,534,33,0]
[2089][1041,(26, 15),2083,S,535,32,0]
[2092][1042,(26, 16),2089,E,536,31,0]
[2096][1043,(27, 16),2092,S,537,30,0]
[2104][1044,(27, 15),2096,O,538,31,0]
[2107][1048,(28, 15),2104,S,539,30,0]
[2110][1050,(29, 15),2107,S,540,29,0]
[2114][1053,(29, 14),2110,O,541,30,0]
[2117][1054,(30, 14),2114,S,542,29,0]
[2119][1055,(30, 15),2117,E,543,28,0]
[2122][1056,(30, 16),2119,E,544,27,0]
[2125][1058,(29, 16),2122,N,545,28,0]
[2128][1059,(28, 16),2125,N,546,29,0]
[2133][1061,(28, 17),2128,E,547,28,0]
[2135][1064,(27, 17),2133,N,548,29,0]
[2139][1065,(26, 17),2135,N,549,30,0]
[2144][1066,(26, 18),2139,E,550,29,0]
[2146][1070,(27, 18),2144,S,551,28,0]
[2149][1071,(27, 19),2146,E,552,27,0]
[2151][1074,(26, 19),2149,N,553,28,0]
[2156][1076,(26, 20),2151,E,554,27,0]
[2159][1077,(26, 21),2156,E,555,26,0]
[2162][1079,(25, 21),2159,N,556,27,0]
[2165][1080,(24, 21),2162,N,557,28,0]
[2169][1083,(24, 22),2165,E,558,27,0]
[2171][1085,(23, 22),2169,N,559,28,0]
[2175][1089,(22, 22),2171,N,560,29,0]
[2178][1091,(21, 22),2175,N,561,30,0]
[2182][1093,(21, 23),2178,E,562,29,0]
[2186][1097,(21, 24),2182,E,563,28,0]
[2195][1099,(22, 24),2186,S,564,27,0]
[2199][1102,(22, 23),2195,O,565,28,0]
[2202][1103,(23, 23),2199,S,566,27,0]
[2205][1107,(23, 24),2202,E,567,26,0]
[2207][1108,(24, 24),2205,S,568,25,0]
[2210][1109,(25, 24),2207,S,569,24,0]
[2213][1110,(25, 23),2210,O,570,25,0]
[2217][1113,(25, 22),2213,O,571,26,0]
[2222][1116,(26, 22),2217,S,572,25,0]
[2225][1119,(26, 23),2222,E,573,24,0]
[2228][1120,(26, 24),2225,E,574,23,0]
[2232][1121,(27, 24),2228,S,575,22,0]
[2236][1124,(27, 23),2232,O,576,23,0]
[2240][1126,(27, 22),2236,O,577,24,0]
[2243][1127,(27, 21),2240,O,578,25,0]
[2246][1128,(27, 20),2243,O,579,26,0]
[2249][1130,(28, 20),2246,S,580,25,0]
[2254][1134,(28, 19),2249,O,581,26,0]
[2258][1135,(28, 18),2254,O,582,27,0]
[2260][1138,(29, 18),2258,S,583,26,0]
[2263][1139,(29, 19),2260,E,584,25,0]
[2270][1142,(29, 20),2263,E,585,24,0]
[2274][1143,(30, 20),2270,S,586,23,0]
[2279][1144,(30, 19),2274,O,587,24,0]
[2282][1148,(30, 18),2279,O,588,25,0]
[2285][1150,(31, 18),2282,S,589,24,0]
[2291][1152,(31, 17),2285,O,590,25,0]
[2294][1153,(31, 16),2291,O,591,26,0]
[2298][1154,(31, 15),2294,O,592,27,0]
[2301][1157,(31, 14),2298,O,593,28,0]
[2305][1161,(31, 13),2301,O,594,29,0]
[2308][1165,(31, 12),2305,O,595,30,0]
[2312][1167,(31, 11),2308,O,596,31,0]
[2313][1168,(30, 11),2312,N,597,32,0]
[2320][1172,(30, 10),2313,O,598,33,0]
[2324][1176,(30, 9),2320,O,599,34,0]
[2327][1177,(30, 8),2324,O,600,35,0]
[2330][1178,(31, 8),2327,S,601,34,0]
[2332][1181,(31, 7),2330,O,602,35,0]
[2333][1182,(30, 7),2332,N,603,36,0]
[2338][1186,(30, 6),2333,O,604,37,0]
[2342][1189,(30, 5),2338,O,605,38,0]
[2345][1192,(30, 4),2342,O,606,39,0]
[2348][1193,(31, 4),2345,S,607,38,0]
[2351][1195,(31, 3),2348,O,608,39,0]
[2353][1196,(31, 2),2351,O,609,40,0]
[2356][1197,(31, 1),2353,O,610,41,0]
[2357][1200,(30, 1),2356,N,611,42,0]
[2364][1203,(30, 0),2357,O,612,43,0]
[2380][1204,(31, 0),2364,S,613,42,0]
[2383][1205,(32, 0),2380,S,614,41,0]
[2385][1209,(32, 1),2383,E,615,40,0]
[2388][1210,(32, 2),2385,E,616,39,0]
[2392][1212,(32, 3),2388,E,617,38,0]
[2395][1213,(32, 4),2392,E,618,37,0]
[2398][1215,(32, 5),2395,E,619,36,0]
[2401][1216,(31, 5),2398,N,620,37,0]
[2405][1217,(31, 6),2401,E,621,36,0]
[2410][1220,(32, 6),2405,S,622,35,0]
[2413][1221,(32, 7),2410,E,623,34,0]
[2416][1222,(33, 7),2413,S,624,33,0]
[2421][1226,(33, 6),2416,O,625,34,0]
[2425][1227,(33, 5),2421,O,626,35,0]
[2429][1228,(33, 4),2425,O,627,36,0]
[2432][1231,(33, 3),2429,O,628,37,0]
[2436][1233,(33, 2),2432,O,629,38,0]
[2440][1234,(33, 1),2436,O,630,39,0]
[2443][1237,(34, 1),2440,S,631,38,0]
[2448][1238,(34, 2),2443,E,632,37,0]
[2451][1239,(34, 3),2448,E,633,36,0]
[2454][1240,(34, 4),2451,E,634,35,0]
[2457][1244,(34, 5),2454,E,635,34,0]
[2461][1246,(34, 6),2457,E,636,33,0]
[2464][1247,(35, 6),2461,S,637,32,0]
[2469][1248,(35, 5),2464,O,638,33,0]
[2472][1250,(35, 4),2469,O,639,34,0]
[2475][1252,(36, 4),2472,S,640,33,0]
[2479][1253,(36, 3),2475,O,641,34,0]
[2483][1254,(36, 2),2479,O,642,35,0]
[2489][1257,(36, 1),2483,O,643,36,0]
[2493][1258,(37, 1),2489,S,644,35,0]
[2497][1261,(38, 1),2493,S,645,34,0]
[2501][1264,(38, 0),2497,O,646,35,0]
[2504][1268,(39, 0),2501,S,647,34,0]
[2513][1271,(39, 1),2504,E,648,33,0]
[2516][1272,(39, 2),2513,E,649,32,0]
[2519][1273,(38, 2),2516,N,650,33,0]
[2522][1276,(37, 2),2519,N,651,34,0]
[2527][1279,(37, 3),2522,E,652,33,0]
[2530][1282,(38, 3),2527,S,653,32,0]
[2533][1283,(38, 4),2530,E,654,31,0]
[2536][1284,(38, 5),2533,E,655,30,0]
[2539][1287,(37, 5),2536,N,656,31,0]
[2543][1289,(36, 5),2539,N,657,32,0]
[2548][1290,(36, 6),2543,E,658,31,0]
[2552][1294,(36, 7),2548,E,659,30,0]
[2554][1295,(35, 7),2552,N,660,31,0]
[2558][1297,(34, 7),2554,N,661,32,0]
[2563][1298,(34, 8),2558,E,662,31,0]
[2565][1299,(33, 8),2563,N,663,32,0]
[2569][1300,(32, 8),2565,N,664,33,0]
[2572][1303,(32, 9),2569,E,665,32,0]
[2574][1305,(31, 9),2572,N,666,33,0]
[2578][1308,(31, 10),2574,E,667,32,0]
[2582][1311,(32, 10),2578,S,668,31,0]
[2585][1312,(32, 11),2582,E,669,30,0]
[2588][1313,(32, 12),2585,E,670,29,0]
[2592][1316,(32, 13),2588,E,671,28,0]
[2595][1319,(32, 14),2592,E,672,27,0]
[2599][1322,(33, 14),2595,S,673,26,0]
[2604][1323,(33, 13),2599,O,674,27,0]
[2608][1324,(33, 12),2604,O,675,28,0]
[2612][1327,(33, 11),2608,O,676,29,0]
[2616][1328,(33, 10),2612,O,677,30,0]
[2618][1329,(34, 10),2616,S,678,29,0]
[2625][1330,(34, 9),2618,O,679,30,0]
[2627][1331,(35, 9),2625,S,680,29,0]
[2630][1335,(35, 10),2627,E,681,28,0]
[2637][1338,(35, 11),2630,E,682,27,0]
[2640][1340,(35, 12),2637,E,683,26,0]
[2644][1344,(35, 13),2640,E,684,25,0]
[2653][1345,(36, 13),2644,S,685,24,0]
[2658][1348,(36, 12),2653,O,686,25,0]
[2661][1350,(37, 12),2658,S,687,24,0]
[2665][1351,(37, 11),2661,O,688,25,0]
[2666][1352,(36, 11),2665,N,689,26,0]
[2670][1354,(36, 10),2666,O,690,27,0]
[2673][1358,(37, 10),2670,S,691,26,0]
[2676][1359,(37, 9),2673,O,692,27,0]
[2679][1360,(38, 9),2676,S,693,26,0]
[2688][1363,(38, 8),2679,O,694,27,0]
[2689][1365,(37, 8),2688,N,695,28,0]
[2694][1367,(37, 7),2689,O,696,29,0]
[2697][1369,(38, 7),2694,S,697,28,0]
[2701][1371,(38, 6),2697,O,698,29,0]
[2704][1372,(39, 6),2701,S,699,28,0]
[2709][1373,(39, 7),2704,E,700,27,0]
[2712][1374,(39, 8),2709,E,701,26,0]
[2715][1375,(40, 8),2712,S,702,25,0]
[2719][1376,(40, 7),2715,O,703,26,0]
[2722][1378,(40, 6),2719,O,704,27,0]
[2726][1380,(40, 5),2722,O,705,28,0]
[2727][1384,(39, 5),2726,N,706,29,0]
[2732][1385,(39, 4),2727,O,707,30,0]
[2736][1386,(39, 3),2732,O,708,31,0]
[2739][1387,(40, 3),2736,S,709,30,0]
[2741][1391,(40, 4),2739,E,710,29,0]
[2745][1392,(41, 4),2741,S,711,28,0]
[2748][1395,(41, 5),2745,E,712,27,0]
[2750][1396,(41, 6),2748,E,713,26,0]
[2754][1399,(42, 6),2750,S,714,25,0]
[2757][1400,(42, 7),2754,E,715,24,0]
[2759][1403,(41, 7),2757,N,716,25,0]
[2763][1405,(41, 8),2759,E,717,24,0]
[2766][1406,(41, 9),2763,E,718,23,0]
[2769][1410,(40, 9),2766,N,719,24,0]
[2773][1411,(39, 9),2769,N,720,25,0]
[2777][1412,(39, 10),2773,E,721,24,0]
[2779][1416,(38, 10),2777,N,722,25,0]
[2783][1418,(38, 11),2779,E,723,24,0]
[2786][1421,(38, 12),2783,E,724,23,0]
[2790][1422,(38, 13),2786,E,725,22,0]
[2793][1423,(37, 13),2790,N,726,23,0]
[2798][1427,(37, 14),2793,E,727,22,0]
[2801][1430,(37, 15),2798,E,728,21,0]
[2804][1432,(36, 15),2801,N,729,22,0]
[2808][1434,(35, 15),2804,N,730,23,0]
[2811][1436,(34, 15),2808,N,731,24,0]
[2815][1439,(33, 15),2811,N,732,25,0]
[2818][1440,(32, 15),2815,N,733,26,0]
[2822][1441,(32, 16),2818,E,734,25,0]
[2825][1442,(32, 17),2822,E,735,24,0]
[2829][1443,(32, 18),2825,E,736,23,0]
[2833][1444,(33, 18),2829,S,737,22,0]
[2838][1446,(33, 17),2833,O,738,23,0]
[2841][1449,(34, 17),2838,S,739,22,0]
[2847][1450,(34, 18),2841,E,740,21,0]
[2850][1451,(34, 19),2847,E,741,20,0]
[2853][1453,(33, 19),2850,N,742,21,0]
[2857][1457,(33, 20),2853,E,743,20,0]
[2861][1460,(33, 21),2857,E,744,19,0]
[2864][1464,(32, 21),2861,N,745,20,0]
[2868][1467,(31, 21),2864,N,746,21,0]
[2872][1471,(31, 22),2868,E,747,20,0]
[2883][1473,(30, 22),2872,N,748,21,0]
[2886][1474,(29, 22),2883,N,749,22,0]
[2889][1476,(28, 22),2886,N,750,23,0]
[2893][1477,(28, 23),2889,E,751,22,0]
[2897][1480,(29, 23),2893,S,752,21,0]
[2903][1483,(30, 23),2897,S,753,20,0]
[2907][1484,(30, 24),2903,E,754,19,0]
[2909][1487,(31, 24),2907,S,755,18,0]
[2912][1490,(32, 24),2909,S,756,17,0]
[2918][1492,(32, 23),2912,O,757,18,0]
[2920][1495,(33, 23),2918,S,758,17,0]
[2924][1496,(33, 22),2920,O,759,18,0]
[2926][1498,(34, 22),2924,S,760,17,0]
[2931][1501,(34, 21),2926,O,761,18,0]
[2934][1504,(35, 21),2931,S,762,17,0]
[2941][1505,(35, 20),2934,O,763,18,0]
[2944][1506,(35, 19),2941,O,764,19,0]
[2948][1507,(35, 18),2944,O,765,20,0]
[2952][1509,(35, 17),2948,O,766,21,0]
[2956][1510,(35, 16),2952,O,767,22,0]
[2959][1511,(36, 16),2956,S,768,21,0]
[2964][1512,(37, 16),2959,S,769,20,0]
[2966][1516,(37, 17),2964,E,770,19,0]
[2969][1518,(36, 17),2966,N,771,20,0]
[2974][1519,(36, 18),2969,E,772,19,0]
[2977][1520,(36, 19),2974,E,773,18,0]
[2981][1524,(36, 20),2977,E,774,17,0]
[2985][1525,(36, 21),2981,E,775,16,0]
[2989][1526,(36, 22),2985,E,776,15,0]
[2992][1528,(36, 23),2989,E,777,14,0]
[2995][1532,(35, 23),2992,N,778,15,0]
[3000][1533,(35, 24),2995,E,779,14,0]
[3015][1534,(36, 24),3000,S,780,13,0]
[3018][1535,(37, 24),3015,S,781,12,0]
[3022][1536,(37, 23),3018,O,782,13,0]
[3026][1538,(37, 22),3022,O,783,14,0]
[3030][1542,(37, 21),3026,O,784,15,0]
[3034][1543,(37, 20),3030,O,785,16,0]
[3038][1544,(37, 19),3034,O,786,17,0]
[3041][1548,(37, 18),3038,O,787,18,0]
[3044][1549,(38, 18),3041,S,788,17,0]
[3049][1552,(38, 17),3044,O,789,18,0]
[3052][1553,(39, 17),3049,S,790,17,0]
[3056][1554,(39, 16),3052,O,791,18,0]
[3057][1555,(38, 16),3056,N,792,19,0]
[3063][1556,(38, 15),3057,O,793,20,0]
[3066][1560,(39, 15),3063,S,794,19,0]
[3070][1562,(39, 14),3066,O,795,20,0]
[3074][1563,(39, 13),3070,O,796,21,0]
[3081][1565,(39, 12),3074,O,797,22,0]
[3085][1567,(39, 11),3081,O,798,23,0]
[3088][1571,(40, 11),3085,S,799,22,0]
[3091][1573,(40, 10),3088,O,800,23,0]
[3094][1574,(41, 10),3091,S,801,22,0]
[3097][1576,(41, 11),3094,E,802,21,0]
[3101][1579,(41, 12),3097,E,803,20,0]
[3104][1580,(41, 13),3101,E,804,19,0]
[3107][1582,(40, 13),3104,N,805,20,0]
[3112][1583,(40, 14),3107,E,806,19,0]
[3118][1586,(40, 15),3112,E,807,18,0]
[3122][1588,(40, 16),3118,E,808,17,0]
[3126][1591,(40, 17),3122,E,809,16,0]
[3129][1592,(41, 17),3126,S,810,15,0]
[3132][1593,(41, 18),3129,E,811,14,0]
[3136][1595,(40, 18),3132,N,812,15,0]
[3140][1597,(39, 18),3136,N,813,16,0]
[3144][1598,(39, 19),3140,E,814,15,0]
[3147][1600,(38, 19),3144,N,815,16,0]
[3151][1603,(38, 20),3147,E,816,15,0]
[3155][1604,(38, 21),3151,E,817,14,0]
[3159][1605,(38, 22),3155,E,818,13,0]
[3163][1608,(38, 23),3159,E,819,12,0]
[3167][1610,(38, 24),3163,E,820,11,0]
[3170][1611,(39, 24),3167,S,821,10,0]
[3174][1613,(39, 23),3170,O,822,11,0]
[3176][1617,(39, 22),3174,O,823,12,0]
[3180][1619,(39, 21),3176,O,824,13,0]
[3184][1623,(39, 20),3180,O,825,14,0]
[3187][1626,(40, 20),3184,S,826,13,0]
[3192][1629,(40, 19),3187,O,827,14,0]
[3195][1632,(41, 19),3192,S,828,13,0]
[3198][1633,(42, 19),3195,S,829,12,0]
[3203][1634,(42, 18),3198,O,830,13,0]
[3206][1635,(43, 18),3203,S,831,12,0]
[3213][1636,(43, 17),3206,O,832,13,0]
[3216][1637,(43, 16),3213,O,833,14,0]
[3217][1638,(42, 16),3216,N,834,15,0]
[3221][1639,(42, 15),3217,O,835,16,0]
[3222][1640,(41, 15),3221,N,836,17,0]
[3228][1641,(41, 14),3222,O,837,18,0]
[3231][1644,(42, 14),3228,S,838,17,0]
[3236][1645,(42, 13),3231,O,839,18,0]
[3239][1646,(43, 13),3236,S,840,17,0]
[3246][1648,(43, 12),3239,O,841,18,0]
[3249][1649,(43, 11),3246,O,842,19,0]
[3252][1650,(43, 10),3249,O,843,20,0]
[3253][1653,(42, 10),3252,N,844,21,0]
[3260][1655,(42, 9),3253,O,845,22,0]
[3264][1659,(42, 8),3260,O,846,23,0]
[3267][1660,(43, 8),3264,S,847,22,0]
[3272][1662,(43, 7),3267,O,848,23,0]
[3275][1663,(43, 6),3272,O,849,24,0]
[3278][1665,(43, 5),3275,O,850,25,0]
[3279][1666,(42, 5),3278,N,851,26,0]
[3285][1667,(42, 4),3279,O,852,27,0]
[3289][1668,(42, 3),3285,O,853,28,0]
[3290][1669,(41, 3),3289,N,854,29,0]
[3296][1671,(41, 2),3290,O,855,30,0]
[3297][1672,(40, 2),3296,N,856,31,0]
[3303][1673,(40, 1),3297,O,857,32,0]
[3306][1675,(41, 1),3303,S,858,31,0]
[3309][1676,(42, 1),3306,S,859,30,0]
[3318][1677,(42, 0),3309,O,860,31,0]
[3320][1679,(43, 0),3318,S,861,30,0]
[3322][1680,(43, 1),3320,E,862,29,0]
[3324][1681,(43, 2),3322,E,863,28,0]
[3328][1682,(43, 3),3324,E,864,27,0]
[3336][1683,(43, 4),3328,E,865,26,0]
[3341][1686,(44, 4),3336,S,866,25,0]
[3346][1687,(44, 3),3341,O,867,26,0]
[3349][1688,(45, 3),3346,S,868,25,0]
[3353][1691,(45, 2),3349,O,869,26,0]
[3354][1692,(44, 2),3353,N,870,27,0]
[3360][1694,(44, 1),3354,O,871,28,0]
[3363][1697,(45, 1),3360,S,872,27,0]
[3367][1698,(45, 0),3363,O,873,28,0]
[3370][1699,(46, 0),3367,S,874,27,0]
[3373][1703,(46, 1),3370,E,875,26,0]
[3375][1706,(47, 1),3373,S,876,25,0]
[3378][1709,(47, 2),3375,E,877,24,0]
[3382][1710,(46, 2),3378,N,878,25,0]
[3387][1711,(46, 3),3382,E,879,24,0]
[3391][1712,(47, 3),3387,S,880,23,0]
[3395][1714,(47, 4),3391,E,881,22,0]
[3397][1715,(47, 5),3395,E,882,21,0]
[3400][1716,(46, 5),3397,N,883,22,0]
[3404][1718,(46, 6),3400,E,884,21,0]
[3406][1721,(45, 6),3404,N,885,22,0]
[3410][1722,(44, 6),3406,N,886,23,0]
[3414][1726,(44, 7),3410,E,887,22,0]
[3421][1729,(44, 8),3414,E,888,21,0]
[3425][1730,(44, 9),3421,E,889,20,0]
[3429][1733,(44, 10),3425,E,890,19,0]
[3437][1736,(44, 11),3429,E,891,18,0]
[3441][1737,(45, 11),3437,S,892,17,0]
[3446][1740,(45, 10),3441,O,893,18,0]
[3449][1742,(45, 9),3446,O,894,19,0]
[3452][1743,(45, 8),3449,O,895,20,0]
[3455][1746,(46, 8),3452,S,896,19,0]
[3463][1747,(46, 7),3455,O,897,20,0]
[3465][1751,(47, 7),3463,S,898,19,0]
[3470][1752,(47, 6),3465,O,899,20,0]
[3473][1753,(48, 6),3470,S,900,19,0]
[3476][1754,(49, 6),3473,S,901,18,0]
[3478][1755,(49, 7),3476,E,902,17,0]
[3511][1756,(48, 7),3478,N,903,18,0]
[3515][1757,(48, 8),3511,E,904,17,0]
[3517][1759,(47, 8),3515,N,905,18,0]
[3520][1760,(47, 9),3517,E,906,17,0]
[3523][1762,(47, 10),3520,E,907,16,0]
[3525][1765,(47, 11),3523,E,908,15,0]
[3528][1766,(46, 11),3525,N,909,16,0]
[3532][1767,(46, 12),3528,E,910,15,0]
[3539][1768,(46, 13),3532,E,911,14,0]
[3541][1769,(45, 13),3539,N,912,15,0]
[3545][1770,(44, 13),3541,N,913,16,0]
[3549][1773,(44, 14),3545,E,914,15,0]
[3557][1777,(43, 14),3549,N,915,16,0]
[3562][1778,(43, 15),3557,E,916,15,0]
[3567][1779,(44, 15),3562,S,917,14,0]
[3571][1780,(45, 15),3567,S,918,13,0]
[3577][1783,(45, 14),3571,O,919,14,0]
[3580][1784,(46, 14),3577,S,920,13,0]
[3583][1786,(47, 14),3580,S,921,12,0]
[3587][1787,(47, 13),3583,O,922,13,0]
[3591][1788,(47, 12),3587,O,923,14,0]
[3593][1790,(48, 12),3591,S,924,13,0]
[3597][1794,(48, 11),3593,O,925,14,0]
[3601][1795,(48, 10),3597,O,926,15,0]
[3605][1797,(48, 9),3601,O,927,16,0]
[3607][1801,(49, 9),3605,S,928,15,0]
[3609][1803,(49, 10),3607,E,929,14,0]
[3614][1806,(49, 11),3609,E,930,13,0]
[3617][1807,(49, 12),3614,E,931,12,0]
[3620][1809,(49, 13),3617,E,932,11,0]
[3622][1813,(48, 13),3620,N,933,12,0]
[3626][1815,(48, 14),3622,E,934,11,0]
[3629][1816,(48, 15),3626,E,935,10,0]
[3632][1818,(47, 15),3629,N,936,11,0]
[3636][1822,(46, 15),3632,N,937,12,0]
[3640][1825,(46, 16),3636,E,938,11,0]
[3642][1826,(45, 16),3640,N,939,12,0]
[3645][1827,(45, 17),3642,E,940,11,0]
[3648][1830,(44, 17),3645,N,941,12,0]
[3653][1834,(44, 18),3648,E,942,11,0]
[3656][1835,(44, 19),3653,E,943,10,0]
[3659][1836,(43, 19),3656,N,944,11,0]
[3664][1837,(43, 20),3659,E,945,10,0]
[3667][1838,(42, 20),3664,N,946,11,0]
[3671][1842,(41, 20),3667,N,947,12,0]
[3675][1845,(41, 21),3671,E,948,11,0]
[3677][1849,(40, 21),3675,N,949,12,0]
[3681][1851,(40, 22),3677,E,950,11,0]
[3685][1852,(40, 23),3681,E,951,10,0]
[3688][1854,(40, 24),3685,E,952,9,0]
[3692][1855,(41, 24),3688,S,953,8,0]
[3695][1858,(41, 23),3692,O,954,9,0]
[3699][1860,(41, 22),3695,O,955,10,0]
[3702][1861,(42, 22),3699,S,956,9,0]
[3706][1862,(42, 21),3702,O,957,10,0]
[3709][1865,(43, 21),3706,S,958,9,0]
[3711][1866,(43, 22),3709,E,959,8,0]
[3714][1867,(43, 23),3711,E,960,7,0]
[3717][1868,(43, 24),3714,E,961,6,0]
[3724][1871,(44, 24),3717,S,962,5,0]
[3729][1874,(44, 23),3724,O,963,6,0]
[3732][1875,(44, 22),3729,O,964,7,0]
[3734][1876,(45, 22),3732,S,965,6,0]
[3738][1877,(45, 21),3734,O,966,7,0]
[3739][1880,(44, 21),3738,N,967,8,0]
[3744][1883,(44, 20),3739,O,968,9,0]
[3747][1886,(45, 20),3744,S,969,8,0]
[3752][1888,(45, 19),3747,O,970,9,0]
[3755][1890,(45, 18),3752,O,971,10,0]
[3758][1891,(46, 18),3755,S,972,9,0]
[3763][1892,(46, 17),3758,O,973,10,0]
[3766][1893,(47, 17),3763,S,974,9,0]
[3769][1894,(48, 17),3766,S,975,8,0]
[3773][1896,(49, 17),3769,S,976,7,0]
[3775][1899,(49, 18),3773,E,977,6,0]
[3784][1900,(49, 19),3775,E,978,5,0]
[3786][1901,(48, 19),3784,N,979,6,0]
[3789][1902,(47, 19),3786,N,980,7,0]
[3793][1904,(46, 19),3789,N,981,8,0]
[3796][1905,(46, 20),3793,E,982,7,0]
[3800][1909,(46, 21),3796,E,983,6,0]
[3804][1910,(46, 22),3800,E,984,5,0]
[3808][1911,(46, 23),3804,E,985,4,0]
[3811][1912,(45, 23),3808,N,986,5,0]
[3815][1916,(45, 24),3811,E,987,4,0]
[3819][1920,(46, 24),3815,S,988,3,0]
[3822][1923,(47, 24),3819,S,989,2,0]
[3826][1924,(47, 23),3822,O,990,3,0]
[3829][1925,(48, 23),3826,S,991,2,0]
[3831][1927,(48, 24),3829,E,992,1,0]
[3834][1928,(49, 24),3831,S,993,0,0]
