[id][cost,state,father_id,action,depth,h,value]
[0][0,(0, 0),None,None,0,48,0]
[1][1,(0, 1),0,E,1,47,47.0]
[3][2,(0, 2),1,E,2,46,46.0]
[6][4,(0, 3),3,E,3,45,45.0]
[7][8,(0, 4),6,E,4,44,44.0]
[8][9,(1, 4),7,S,5,43,43.0]
[9][10,(1, 5),8,E,6,42,42.0]
[13][11,(1, 6),9,E,7,41,41.0]
[16][14,(1, 7),13,E,8,40,40.0]
[18][15,(1, 8),16,E,9,39,39.0]
[21][19,(2, 8),18,S,10,38,38.0]
[22][22,(2, 9),21,E,11,37,37.0]
[25][25,(2, 10),22,E,12,36,36.0]
[27][28,(2, 11),25,E,13,35,35.0]
[30][31,(2, 12),27,E,14,34,34.0]
[33][32,(2, 13),30,E,15,33,33.0]
[36][36,(2, 14),33,E,16,32,32.0]
[39][37,(2, 15),36,E,17,31,31.0]
[42][40,(2, 16),39,E,18,30,30.0]
[45][42,(3, 16),42,S,19,29,29.0]
[46][43,(3, 17),45,E,20,28,28.0]
[49][46,(4, 17),46,S,21,27,27.0]
[50][48,(4, 18),49,E,22,26,26.0]
[52][51,(4, 19),50,E,23,25,25.0]
[54][52,(4, 20),52,E,24,24,24.0]
[57][53,(4, 21),54,E,25,23,23.0]
[60][57,(4, 22),57,E,26,22,22.0]
[62][60,(4, 23),60,E,27,21,21.0]
[65][61,(4, 24),62,E,28,20,20.0]
[67][62,(5, 24),65,S,29,19,19.0]
[68][63,(6, 24),67,S,30,18,18.0]
[69][65,(7, 24),68,S,31,17,17.0]
[71][68,(8, 24),69,S,32,16,16.0]
[73][71,(9, 24),71,S,33,15,15.0]
[75][74,(10, 24),73,S,34,14,14.0]
[76][76,(11, 24),75,S,35,13,13.0]
[78][78,(11, 23),76,O,36,14,14.0]
[79][82,(12, 23),78,S,37,13,13.0]
[80][83,(12, 24),79,E,38,12,12.0]
[83][85,(13, 24),80,S,39,11,11.0]
[84][87,(14, 24),83,S,40,10,10.0]
[85][89,(15, 24),84,S,41,9,9.0]
[87][90,(15, 23),85,O,42,10,10.0]
[88][93,(16, 23),87,S,43,9,9.0]
[89][94,(16, 24),88,E,44,8,8.0]
[92][95,(17, 24),89,S,45,7,7.0]
[93][98,(18, 24),92,S,46,6,6.0]
[94][100,(19, 24),93,S,47,5,5.0]
[96][101,(20, 24),94,S,48,4,4.0]
[98][105,(21, 24),96,S,49,3,3.0]
[99][106,(22, 24),98,S,50,2,2.0]
[101][107,(23, 24),99,S,51,1,1.0]
[103][111,(24, 24),101,S,52,0,0.0]
