[id][cost,state,father_id,action,depth,h,value]
[0][0,(0, 0),None,None,0,73,73]
[2][3,(1, 0),0,S,1,72,75]
[17][4,(2, 0),2,S,2,71,75]
[25][5,(3, 0),17,S,3,70,75]
[27][7,(3, 1),25,E,4,69,76]
[33][8,(3, 2),27,E,5,68,76]
[37][9,(4, 2),33,S,6,67,76]
[43][10,(4, 3),37,E,7,66,76]
[47][11,(4, 4),43,E,8,65,76]
[50][12,(4, 5),47,E,9,64,76]
[54][13,(4, 6),50,E,10,63,76]
[57][14,(4, 7),54,E,11,62,76]
[62][15,(5, 7),57,S,12,61,76]
[81][16,(6, 7),62,S,13,60,76]
[91][17,(7, 7),81,S,14,59,76]
[94][18,(7, 8),91,E,15,58,76]
[98][19,(7, 9),94,E,16,57,76]
[101][20,(7, 10),98,E,17,56,76]
[105][21,(7, 11),101,E,18,55,76]
[109][22,(7, 12),105,E,19,54,76]
[113][23,(7, 13),109,E,20,53,76]
[117][24,(7, 14),113,E,21,52,76]
[119][25,(6, 14),117,N,22,53,78]
[299][26,(6, 15),119,E,23,52,78]
[303][28,(6, 16),299,E,24,51,79]
[476][29,(6, 17),303,E,25,50,79]
[480][31,(6, 18),476,E,26,49,80]
[610][32,(6, 19),480,E,27,48,80]
[614][33,(6, 20),610,E,28,47,80]
[619][34,(7, 20),614,S,29,46,80]
[628][36,(7, 21),619,E,30,45,81]
[814][37,(7, 22),628,E,31,44,81]
[818][38,(7, 23),814,E,32,43,81]
[823][41,(8, 23),818,S,33,42,83]
[1149][42,(8, 24),823,E,34,41,83]
[1151][45,(8, 25),1149,E,35,40,85]
[1443][46,(8, 26),1151,E,36,39,85]
[1448][47,(9, 26),1443,S,37,38,85]
[1451][48,(9, 27),1448,E,38,37,85]
[1455][49,(9, 28),1451,E,39,36,85]
[1459][50,(9, 29),1455,E,40,35,85]
[1463][51,(9, 30),1459,E,41,34,85]
[1467][52,(10, 30),1463,S,42,33,85]
[1480][53,(10, 31),1467,E,43,32,85]
[1484][55,(11, 31),1480,S,44,31,86]
[1732][56,(12, 31),1484,S,45,30,86]
[1748][57,(13, 31),1732,S,46,29,86]
[1755][58,(13, 32),1748,E,47,28,86]
[1758][59,(13, 33),1755,E,48,27,86]
[1761][60,(13, 34),1758,E,49,26,86]
[1764][61,(14, 34),1761,S,50,25,86]
[1777][62,(14, 35),1764,E,51,24,86]
[1780][63,(14, 36),1777,E,52,23,86]
[1784][66,(14, 37),1780,E,53,22,88]
[2223][67,(14, 38),1784,E,54,21,88]
[2225][68,(14, 39),2223,E,55,20,88]
[2230][69,(15, 39),2225,S,56,19,88]
[2240][70,(15, 40),2230,E,57,18,88]
[2244][71,(15, 41),2240,E,58,17,88]
[2248][72,(16, 41),2244,S,59,16,88]
[2256][73,(17, 41),2248,S,60,15,88]
[2265][75,(17, 42),2256,E,61,14,89]
[2452][76,(17, 43),2265,E,62,13,89]
[2456][78,(17, 44),2452,E,63,12,90]
[2632][79,(17, 45),2456,E,64,11,90]
[2637][80,(18, 45),2632,S,65,10,90]
[2663][81,(19, 45),2637,S,66,9,90]
[2691][82,(19, 46),2663,E,67,8,90]
[2696][83,(20, 46),2691,S,68,7,90]
[2727][84,(20, 47),2696,E,69,6,90]
[2732][85,(21, 47),2727,S,70,5,90]
[2760][86,(22, 47),2732,S,71,4,90]
[2780][87,(23, 47),2760,S,72,3,90]
[2790][88,(24, 47),2780,S,73,2,90]
[2799][89,(24, 48),2790,E,74,1,90]
[2801][93,(24, 49),2799,E,75,0,93]
