[id][cost,state,father_id,action,depth,h,value]
[0][0,(0, 0),None,None,0,98,1]
[1][2,(1, 0),0,S,1,97,1]
[3][4,(1, 1),1,E,2,96,0]
[5][8,(0, 1),3,N,3,97,0]
[9][9,(0, 2),5,E,4,96,0]
[11][12,(1, 2),9,S,5,95,0]
[14][16,(1, 3),11,E,6,94,0]
[17][17,(0, 3),14,N,7,95,0]
[21][20,(0, 4),17,E,8,94,0]
[23][23,(0, 5),21,E,9,93,0]
[26][24,(0, 6),23,E,10,92,0]
[29][26,(0, 7),26,E,11,91,0]
[32][27,(0, 8),29,E,12,90,0]
[34][30,(0, 9),32,E,13,89,0]
[37][31,(0, 10),34,E,14,88,0]
[39][32,(0, 11),37,E,15,87,0]
[42][36,(0, 12),39,E,16,86,0]
[45][37,(0, 13),42,E,17,85,0]
[48][40,(0, 14),45,E,18,84,0]
[51][44,(0, 15),48,E,19,83,0]
[54][46,(0, 16),51,E,20,82,0]
[57][48,(0, 17),54,E,21,81,0]
[60][49,(0, 18),57,E,22,80,0]
[63][51,(1, 18),60,S,23,79,0]
[67][53,(1, 17),63,O,24,80,0]
[71][54,(1, 16),67,O,25,81,0]
[75][56,(1, 15),71,O,26,82,0]
[79][57,(1, 14),75,O,27,83,0]
[83][58,(1, 13),79,O,28,84,0]
[86][59,(2, 13),83,S,29,83,0]
[90][61,(2, 12),86,O,30,84,0]
[92][62,(3, 12),90,S,31,83,0]
[94][63,(3, 11),92,O,32,84,0]
[97][66,(3, 10),94,O,33,85,0]
[98][67,(2, 10),97,N,34,86,0]
[104][69,(2, 9),98,O,35,87,0]
[107][72,(2, 8),104,O,36,88,0]
[110][73,(2, 7),107,O,37,89,0]
[114][76,(2, 6),110,O,38,90,0]
[122][77,(2, 5),114,O,39,91,0]
[129][78,(2, 4),122,O,40,92,0]
[133][82,(2, 3),129,O,41,93,0]
[140][85,(2, 2),133,O,42,94,0]
[144][88,(2, 1),140,O,43,95,0]
[147][89,(2, 0),144,O,44,96,0]
[150][92,(3, 0),147,S,45,95,0]
[152][93,(3, 1),150,E,46,94,0]
[154][94,(3, 2),152,E,47,93,0]
[158][95,(3, 3),154,E,48,92,0]
[162][98,(3, 4),158,E,49,91,0]
[166][99,(3, 5),162,E,50,90,0]
[169][100,(3, 6),166,E,51,89,0]
[172][103,(4, 6),169,S,52,88,0]
[177][104,(4, 5),172,O,53,89,0]
[180][108,(4, 4),177,O,54,90,0]
[183][112,(5, 4),180,S,55,89,0]
[187][113,(5, 3),183,O,56,90,0]
[188][114,(4, 3),187,N,57,91,0]
[194][117,(4, 2),188,O,58,92,0]
[197][120,(5, 2),194,S,59,91,0]
[201][121,(5, 1),197,O,60,92,0]
[202][124,(4, 1),201,N,61,93,0]
[208][127,(4, 0),202,O,62,94,0]
[211][128,(5, 0),208,S,63,93,0]
[214][130,(6, 0),211,S,64,92,0]
[216][134,(7, 0),214,S,65,91,0]
[218][136,(7, 1),216,E,66,90,0]
[220][138,(6, 1),218,N,67,91,0]
[224][139,(6, 2),220,E,68,90,0]
[227][140,(6, 3),224,E,69,89,0]
[231][143,(6, 4),227,E,70,88,0]
[235][144,(6, 5),231,E,71,87,0]
[238][147,(6, 6),235,E,72,86,0]
[241][148,(6, 7),238,E,73,85,0]
[244][149,(5, 7),241,N,74,86,0]
[249][153,(5, 8),244,E,75,85,0]
[270][156,(5, 9),249,E,76,84,0]
[273][157,(5, 10),270,E,77,83,0]
[276][158,(4, 10),273,N,78,84,0]
[280][159,(4, 11),276,E,79,83,0]
[289][160,(4, 12),280,E,80,82,0]
[292][162,(5, 12),289,S,81,81,0]
[295][165,(5, 13),292,E,82,80,0]
[297][167,(4, 13),295,N,83,81,0]
[301][168,(3, 13),297,N,84,82,0]
[304][169,(3, 14),301,E,85,81,0]
[306][170,(3, 15),304,E,86,80,0]
[309][171,(2, 15),306,N,87,81,0]
[313][174,(2, 16),309,E,88,80,0]
[320][175,(3, 16),313,S,89,79,0]
[323][179,(3, 17),320,E,90,78,0]
[326][180,(2, 17),323,N,91,79,0]
[330][181,(2, 18),326,E,92,78,0]
[333][183,(2, 19),330,E,93,77,0]
[335][184,(2, 20),333,E,94,76,0]
[338][185,(1, 20),335,N,95,77,0]
[342][186,(0, 20),338,N,96,78,0]
[346][188,(0, 21),342,E,97,77,0]
[348][189,(1, 21),346,S,98,76,0]
[351][192,(1, 22),348,E,99,75,0]
[354][194,(0, 22),351,N,100,76,0]
[358][195,(0, 23),354,E,101,75,0]
[360][196,(1, 23),358,S,102,74,0]
[363][199,(1, 24),360,E,103,73,0]
[366][202,(0, 24),363,N,104,74,0]
[370][206,(0, 25),366,E,105,73,0]
[372][209,(0, 26),370,E,106,72,0]
[376][210,(1, 26),372,S,107,71,0]
[383][211,(1, 25),376,O,108,72,0]
[386][212,(2, 25),383,S,109,71,0]
[389][216,(3, 25),386,S,110,70,0]
[392][220,(3, 24),389,O,111,71,0]
[395][221,(4, 24),392,S,112,70,0]
[410][223,(4, 23),395,O,113,71,0]
[413][226,(4, 22),410,O,114,72,0]
[416][230,(4, 21),413,O,115,73,0]
[417][231,(3, 21),416,N,116,74,0]
[424][232,(3, 20),417,O,117,75,0]
[430][235,(3, 19),424,O,118,76,0]
[434][239,(3, 18),430,O,119,77,0]
[436][241,(4, 18),434,S,120,76,0]
[441][244,(4, 17),436,O,121,77,0]
[443][245,(4, 16),441,O,122,78,0]
[447][246,(4, 15),443,O,123,79,0]
[450][247,(4, 14),447,O,124,80,0]
[453][251,(5, 14),450,S,125,79,0]
[455][252,(5, 15),453,E,126,78,0]
[459][254,(5, 16),455,E,127,77,0]
[463][255,(5, 17),459,E,128,76,0]
[466][256,(5, 18),463,E,129,75,0]
[470][260,(5, 19),466,E,130,74,0]
[474][261,(5, 20),470,E,131,73,0]
[479][264,(5, 21),474,E,132,72,0]
[483][265,(5, 22),479,E,133,71,0]
[487][267,(5, 23),483,E,134,70,0]
[491][269,(6, 23),487,S,135,69,0]
[496][272,(6, 22),491,O,136,70,0]
[500][275,(6, 21),496,O,137,71,0]
[503][276,(6, 20),500,O,138,72,0]
[507][277,(6, 19),503,O,139,73,0]
[510][278,(6, 18),507,O,140,74,0]
[514][281,(6, 17),510,O,141,75,0]
[518][284,(6, 16),514,O,142,76,0]
[522][285,(6, 15),518,O,143,77,0]
[526][288,(6, 14),522,O,144,78,0]
[530][291,(6, 13),526,O,145,79,0]
[534][292,(6, 12),530,O,146,80,0]
[538][293,(6, 11),534,O,147,81,0]
[541][295,(6, 10),538,O,148,82,0]
[547][297,(6, 9),541,O,149,83,0]
[551][298,(6, 8),547,O,150,84,0]
[554][299,(7, 8),551,S,151,83,0]
[559][300,(7, 7),554,O,152,84,0]
[563][301,(7, 6),559,O,153,85,0]
[567][302,(7, 5),563,O,154,86,0]
[571][303,(7, 4),567,O,155,87,0]
[574][304,(8, 4),571,S,156,86,0]
[581][306,(8, 3),574,O,157,87,0]
[583][307,(9, 3),581,S,158,86,0]
[592][308,(9, 2),583,O,159,87,0]
[594][310,(9, 1),592,O,160,88,0]
[598][311,(9, 0),594,O,161,89,0]
[603][312,(10, 0),598,S,162,88,0]
[607][315,(10, 1),603,E,163,87,0]
[610][316,(10, 2),607,E,164,86,0]
[612][317,(10, 3),610,E,165,85,0]
[616][321,(10, 4),612,E,166,84,0]
[619][324,(9, 4),616,N,167,85,0]
[624][327,(9, 5),619,E,168,84,0]
[627][328,(8, 5),624,N,169,85,0]
[631][330,(8, 6),627,E,170,84,0]
[635][331,(8, 7),631,E,171,83,0]
[639][334,(8, 8),635,E,172,82,0]
[643][337,(8, 9),639,E,173,81,0]
[646][340,(7, 9),643,N,174,82,0]
[651][341,(7, 10),646,E,175,81,0]
[655][342,(7, 11),651,E,176,80,0]
[658][343,(7, 12),655,E,177,79,0]
[661][344,(7, 13),658,E,178,78,0]
[665][346,(8, 13),661,S,179,77,0]
[670][348,(8, 12),665,O,180,78,0]
[674][350,(8, 11),670,O,181,79,0]
[677][353,(8, 10),674,O,182,80,0]
[680][354,(9, 10),677,S,183,79,0]
[683][358,(9, 9),680,O,184,80,0]
[687][359,(9, 8),683,O,185,81,0]
[690][361,(10, 8),687,S,186,80,0]
[696][365,(10, 7),690,O,187,81,0]
[698][366,(10, 6),696,O,188,82,0]
[700][370,(11, 6),698,S,189,81,0]
[702][371,(11, 7),700,E,190,80,0]
[709][372,(11, 8),702,E,191,79,0]
[712][373,(11, 9),709,E,192,78,0]
[716][376,(11, 10),712,E,193,77,0]
[721][380,(10, 10),716,N,194,78,0]
[725][384,(10, 11),721,E,195,77,0]
[728][385,(10, 12),725,E,196,76,0]
[733][386,(9, 12),728,N,197,77,0]
[738][389,(9, 13),733,E,198,76,0]
[741][390,(9, 14),738,E,199,75,0]
[745][393,(9, 15),741,E,200,74,0]
[754][395,(10, 15),745,S,201,73,0]
[760][397,(10, 14),754,O,202,74,0]
[764][398,(10, 13),760,O,203,75,0]
[767][401,(11, 13),764,S,204,74,0]
[772][404,(11, 12),767,O,205,75,0]
[775][405,(12, 12),772,S,206,74,0]
[778][406,(12, 11),775,O,207,75,0]
[781][407,(12, 10),778,O,208,76,0]
[787][408,(12, 9),781,O,209,77,0]
[790][409,(13, 9),787,S,210,76,0]
[794][412,(13, 8),790,O,211,77,0]
[797][416,(14, 8),794,S,212,76,0]
[803][417,(14, 7),797,O,213,77,0]
[804][418,(13, 7),803,N,214,78,0]
[808][419,(12, 7),804,N,215,79,0]
[811][423,(12, 6),808,O,216,80,0]
[814][426,(13, 6),811,S,217,79,0]
[818][427,(14, 6),814,S,218,78,0]
[822][428,(14, 5),818,O,219,79,0]
[826][429,(14, 4),822,O,220,80,0]
[828][430,(13, 4),826,N,221,81,0]
[833][432,(13, 3),828,O,222,82,0]
[835][433,(12, 3),833,N,223,83,0]
[838][437,(11, 3),835,N,224,84,0]
[842][438,(11, 2),838,O,225,85,0]
[846][440,(11, 1),842,O,226,86,0]
[849][443,(11, 0),846,O,227,87,0]
[852][445,(12, 0),849,S,228,86,0]
[854][448,(12, 1),852,E,229,85,0]
[857][449,(12, 2),854,E,230,84,0]
[861][452,(13, 2),857,S,231,83,0]
[864][453,(13, 1),861,O,232,84,0]
[867][456,(14, 1),864,S,233,83,0]
[874][458,(14, 0),867,O,234,84,0]
[876][459,(15, 0),874,S,235,83,0]
[878][461,(15, 1),876,E,236,82,0]
[881][462,(15, 2),878,E,237,81,0]
[884][464,(15, 3),881,E,238,80,0]
[888][465,(15, 4),884,E,239,79,0]
[897][466,(15, 5),888,E,240,78,0]
[901][467,(15, 6),897,E,241,77,0]
[905][470,(16, 6),901,S,242,76,0]
[910][472,(16, 5),905,O,243,77,0]
[913][473,(17, 5),910,S,244,76,0]
[916][474,(17, 4),913,O,245,77,0]
[919][476,(17, 3),916,O,246,78,0]
[922][478,(17, 2),919,O,247,79,0]
[925][479,(17, 1),922,O,248,80,0]
[934][480,(16, 1),925,N,249,81,0]
[939][481,(16, 0),934,O,250,82,0]
[942][482,(17, 0),939,S,251,81,0]
[944][483,(18, 0),942,S,252,80,0]
[946][485,(18, 1),944,E,253,79,0]
[949][486,(18, 2),946,E,254,78,0]
[952][487,(18, 3),949,E,255,77,0]
[955][491,(18, 4),952,E,256,76,0]
[959][492,(18, 5),955,E,257,75,0]
[963][493,(19, 5),959,S,258,74,0]
[967][494,(19, 4),963,O,259,75,0]
[971][496,(19, 3),967,O,260,76,0]
[975][497,(19, 2),971,O,261,77,0]
[977][499,(20, 2),975,S,262,76,0]
[981][502,(20, 1),977,O,263,77,0]
[982][504,(19, 1),981,N,264,78,0]
[988][507,(19, 0),982,O,265,79,0]
[991][509,(20, 0),988,S,266,78,0]
[994][510,(21, 0),991,S,267,77,0]
[996][511,(21, 1),994,E,268,76,0]
[999][512,(21, 2),996,E,269,75,0]
[1003][516,(21, 3),999,E,270,74,0]
[1006][517,(20, 3),1003,N,271,75,0]
[1011][518,(20, 4),1006,E,272,74,0]
[1015][520,(20, 5),1011,E,273,73,0]
[1019][521,(20, 6),1015,E,274,72,0]
[1022][522,(19, 6),1019,N,275,73,0]
[1026][523,(19, 7),1022,E,276,72,0]
[1028][525,(18, 7),1026,N,277,73,0]
[1032][528,(17, 7),1028,N,278,74,0]
[1036][529,(16, 7),1032,N,279,75,0]
[1040][530,(15, 7),1036,N,280,76,0]
[1045][531,(15, 8),1040,E,281,75,0]
[1048][534,(16, 8),1045,S,282,74,0]
[1051][535,(16, 9),1048,E,283,73,0]
[1053][536,(15, 9),1051,N,284,74,0]
[1056][538,(14, 9),1053,N,285,75,0]
[1060][542,(14, 10),1056,E,286,74,0]
[1063][543,(13, 10),1060,N,287,75,0]
[1066][544,(13, 11),1063,E,288,74,0]
[1069][545,(13, 12),1066,E,289,73,0]
[1073][546,(14, 12),1069,S,290,72,0]
[1078][547,(14, 11),1073,O,291,73,0]
[1081][550,(15, 11),1078,S,292,72,0]
[1084][551,(15, 10),1081,O,293,73,0]
[1086][555,(16, 10),1084,S,294,72,0]
[1090][558,(17, 10),1086,S,295,71,0]
[1095][561,(17, 9),1090,O,296,72,0]
[1099][564,(17, 8),1095,O,297,73,0]
[1101][567,(18, 8),1099,S,298,72,0]
[1104][568,(18, 9),1101,E,299,71,0]
[1108][569,(18, 10),1104,E,300,70,0]
[1112][570,(18, 11),1108,E,301,69,0]
[1116][574,(18, 12),1112,E,302,68,0]
[1121][575,(17, 12),1116,N,303,69,0]
[1125][578,(16, 12),1121,N,304,70,0]
[1127][579,(15, 12),1125,N,305,71,0]
[1131][580,(15, 13),1127,E,306,70,0]
[1133][581,(14, 13),1131,N,307,71,0]
[1137][585,(13, 13),1133,N,308,72,0]
[1141][588,(13, 14),1137,E,309,71,0]
[1143][589,(12, 14),1141,N,310,72,0]
[1147][592,(11, 14),1143,N,311,73,0]
[1151][594,(11, 15),1147,E,312,72,0]
[1155][595,(11, 16),1151,E,313,71,0]
[1157][596,(10, 16),1155,N,314,72,0]
[1160][598,(9, 16),1157,N,315,73,0]
[1165][600,(9, 17),1160,E,316,72,0]
[1174][604,(9, 18),1165,E,317,71,0]
[1177][608,(8, 18),1174,N,318,72,0]
[1181][610,(8, 19),1177,E,319,71,0]
[1188][611,(7, 19),1181,N,320,72,0]
[1192][615,(7, 20),1188,E,321,71,0]
[1198][616,(7, 21),1192,E,322,70,0]
[1201][620,(7, 22),1198,E,323,69,0]
[1205][623,(7, 23),1201,E,324,68,0]
[1209][624,(8, 23),1205,S,325,67,0]
[1212][625,(9, 23),1209,S,326,66,0]
[1216][626,(9, 22),1212,O,327,67,0]
[1217][627,(8, 22),1216,N,328,68,0]
[1223][629,(8, 21),1217,O,329,69,0]
[1227][633,(8, 20),1223,O,330,70,0]
[1230][634,(9, 20),1227,S,331,69,0]
[1233][635,(9, 21),1230,E,332,68,0]
[1237][636,(10, 21),1233,S,333,67,0]
[1240][638,(10, 20),1237,O,334,68,0]
[1244][639,(10, 19),1240,O,335,69,0]
[1248][640,(10, 18),1244,O,336,70,0]
[1254][644,(10, 17),1248,O,337,71,0]
[1257][645,(11, 17),1254,S,338,70,0]
[1260][649,(11, 18),1257,E,339,69,0]
[1264][651,(11, 19),1260,E,340,68,0]
[1268][652,(11, 20),1264,E,341,67,0]
[1272][653,(11, 21),1268,E,342,66,0]
[1274][655,(11, 22),1272,E,343,65,0]
[1277][656,(10, 22),1274,N,344,66,0]
[1282][660,(10, 23),1277,E,345,65,0]
[1285][664,(10, 24),1282,E,346,64,0]
[1288][665,(9, 24),1285,N,347,65,0]
[1292][668,(8, 24),1288,N,348,66,0]
[1295][670,(8, 25),1292,E,349,65,0]
[1297][671,(7, 25),1295,N,350,66,0]
[1300][674,(6, 25),1297,N,351,67,0]
[1304][677,(5, 25),1300,N,352,68,0]
[1308][681,(4, 25),1304,N,353,69,0]
[1312][685,(4, 26),1308,E,354,68,0]
[1314][686,(4, 27),1312,E,355,67,0]
[1316][688,(3, 27),1314,N,356,68,0]
[1320][689,(2, 27),1316,N,357,69,0]
[1325][690,(2, 28),1320,E,358,68,0]
[1334][693,(1, 28),1325,N,359,69,0]
[1338][695,(1, 29),1334,E,360,68,0]
[1340][698,(0, 29),1338,N,361,69,0]
[1344][701,(0, 30),1340,E,362,68,0]
[1346][705,(0, 31),1344,E,363,67,0]
[1349][706,(1, 31),1346,S,364,66,0]
[1353][707,(1, 30),1349,O,365,67,0]
[1356][710,(2, 30),1353,S,366,66,0]
[1361][714,(2, 29),1356,O,367,67,0]
[1364][716,(3, 29),1361,S,368,66,0]
[1368][717,(3, 28),1364,O,369,67,0]
[1371][720,(4, 28),1368,S,370,66,0]
[1374][722,(4, 29),1371,E,371,65,0]
[1377][725,(4, 30),1374,E,372,64,0]
[1380][726,(3, 30),1377,N,373,65,0]
[1384][727,(3, 31),1380,E,374,64,0]
[1388][731,(4, 31),1384,S,375,63,0]
[1396][734,(4, 32),1388,E,376,62,0]
[1398][736,(3, 32),1396,N,377,63,0]
[1402][737,(3, 33),1398,E,378,62,0]
[1404][738,(2, 33),1402,N,379,63,0]
[1407][739,(1, 33),1404,N,380,64,0]
[1412][740,(1, 32),1407,O,381,65,0]
[1413][741,(0, 32),1412,N,382,66,0]
[1415][742,(0, 33),1413,E,383,65,0]
[1417][744,(0, 34),1415,E,384,64,0]
[1419][748,(0, 35),1417,E,385,63,0]
[1422][750,(0, 36),1419,E,386,62,0]
[1425][752,(1, 36),1422,S,387,61,0]
[1430][753,(1, 35),1425,O,388,62,0]
[1434][754,(1, 34),1430,O,389,63,0]
[1437][756,(2, 34),1434,S,390,62,0]
[1440][757,(2, 35),1437,E,391,61,0]
[1444][759,(2, 36),1440,E,392,60,0]
[1448][760,(2, 37),1444,E,393,59,0]
[1451][764,(1, 37),1448,N,394,60,0]
[1455][765,(0, 37),1451,N,395,61,0]
[1459][768,(0, 38),1455,E,396,60,0]
[1461][769,(0, 39),1459,E,397,59,0]
[1464][770,(1, 39),1461,S,398,58,0]
[1467][773,(1, 40),1464,E,399,57,0]
[1469][774,(0, 40),1467,N,400,58,0]
[1472][775,(0, 41),1469,E,401,57,0]
[1474][776,(0, 42),1472,E,402,56,0]
[1477][778,(1, 42),1474,S,403,55,0]
[1481][779,(1, 41),1477,O,404,56,0]
[1484][783,(2, 41),1481,S,405,55,0]
[1486][784,(2, 42),1484,E,406,54,0]
[1491][786,(2, 43),1486,E,407,53,0]
[1494][789,(1, 43),1491,N,408,54,0]
[1499][791,(1, 44),1494,E,409,53,0]
[1503][793,(0, 44),1499,N,410,54,0]
[1507][794,(0, 45),1503,E,411,53,0]
[1509][795,(0, 46),1507,E,412,52,0]
[1512][798,(0, 47),1509,E,413,51,0]
[1515][799,(0, 48),1512,E,414,50,0]
[1518][802,(0, 49),1515,E,415,49,0]
[1521][806,(1, 49),1518,S,416,48,0]
[1525][807,(1, 48),1521,O,417,49,0]
[1529][809,(1, 47),1525,O,418,50,0]
[1533][810,(1, 46),1529,O,419,51,0]
[1536][811,(1, 45),1533,O,420,52,0]
[1539][812,(2, 45),1536,S,421,51,0]
[1544][813,(2, 44),1539,O,422,52,0]
[1547][814,(3, 44),1544,S,423,51,0]
[1552][815,(3, 43),1547,O,424,52,0]
[1556][816,(3, 42),1552,O,425,53,0]
[1559][818,(3, 41),1556,O,426,54,0]
[1563][822,(3, 40),1559,O,427,55,0]
[1565][825,(3, 39),1563,O,428,56,0]
[1566][826,(2, 39),1565,N,429,57,0]
[1572][827,(2, 38),1566,O,430,58,0]
[1574][828,(3, 38),1572,S,431,57,0]
[1578][829,(3, 37),1574,O,432,58,0]
[1582][830,(3, 36),1578,O,433,59,0]
[1585][833,(4, 36),1582,S,434,58,0]
[1589][836,(4, 35),1585,O,435,59,0]
[1590][839,(3, 35),1589,N,436,60,0]
[1596][842,(3, 34),1590,O,437,61,0]
[1599][843,(4, 34),1596,S,438,60,0]
[1602][844,(5, 34),1599,S,439,59,0]
[1609][845,(5, 33),1602,O,440,60,0]
[1612][846,(5, 32),1609,O,441,61,0]
[1615][847,(5, 31),1612,O,442,62,0]
[1619][851,(5, 30),1615,O,443,63,0]
[1623][852,(5, 29),1619,O,444,64,0]
[1626][855,(5, 28),1623,O,445,65,0]
[1630][856,(5, 27),1626,O,446,66,0]
[1634][859,(5, 26),1630,O,447,67,0]
[1636][861,(6, 26),1634,S,448,66,0]
[1638][862,(7, 26),1636,S,449,65,0]
[1641][864,(7, 27),1638,E,450,64,0]
[1644][867,(6, 27),1641,N,451,65,0]
[1648][870,(6, 28),1644,E,452,64,0]
[1651][871,(6, 29),1648,E,453,63,0]
[1654][872,(6, 30),1651,E,454,62,0]
[1658][873,(6, 31),1654,E,455,61,0]
[1661][877,(6, 32),1658,E,456,60,0]
[1664][880,(6, 33),1661,E,457,59,0]
[1668][881,(7, 33),1664,S,458,58,0]
[1673][882,(7, 32),1668,O,459,59,0]
[1676][885,(7, 31),1673,O,460,60,0]
[1680][886,(7, 30),1676,O,461,61,0]
[1682][887,(8, 30),1680,S,462,60,0]
[1686][888,(8, 29),1682,O,463,61,0]
[1689][892,(9, 29),1686,S,464,60,0]
[1694][893,(9, 28),1689,O,465,61,0]
[1698][895,(9, 27),1694,O,466,62,0]
[1707][896,(9, 26),1698,O,467,63,0]
[1715][897,(9, 25),1707,O,468,64,0]
[1717][900,(10, 25),1715,S,469,63,0]
[1719][901,(10, 26),1717,E,470,62,0]
[1723][903,(10, 27),1719,E,471,61,0]
[1727][904,(10, 28),1723,E,472,60,0]
[1731][907,(10, 29),1727,E,473,59,0]
[1735][908,(10, 30),1731,E,474,58,0]
[1738][909,(10, 31),1735,E,475,57,0]
[1743][913,(9, 31),1738,N,476,58,0]
[1748][917,(9, 32),1743,E,477,57,0]
[1755][918,(9, 33),1748,E,478,56,0]
[1758][922,(8, 33),1755,N,479,57,0]
[1763][926,(8, 34),1758,E,480,56,0]
[1765][928,(8, 35),1763,E,481,55,0]
[1768][930,(7, 35),1765,N,482,56,0]
[1772][931,(7, 36),1768,E,483,55,0]
[1784][932,(6, 36),1772,N,484,56,0]
[1788][936,(6, 37),1784,E,485,55,0]
[1792][939,(5, 37),1788,N,486,56,0]
[1796][940,(4, 37),1792,N,487,57,0]
[1800][941,(4, 38),1796,E,488,56,0]
[1803][942,(4, 39),1800,E,489,55,0]
[1806][945,(5, 39),1803,S,490,54,0]
[1811][946,(5, 38),1806,O,491,55,0]
[1813][948,(6, 38),1811,S,492,54,0]
[1816][949,(6, 39),1813,E,493,53,0]
[1820][952,(6, 40),1816,E,494,52,0]
[1823][953,(5, 40),1820,N,495,53,0]
[1827][955,(5, 41),1823,E,496,52,0]
[1831][957,(4, 41),1827,N,497,53,0]
[1836][958,(4, 42),1831,E,498,52,0]
[1838][961,(4, 43),1836,E,499,51,0]
[1841][962,(4, 44),1838,E,500,50,0]
[1845][966,(4, 45),1841,E,501,49,0]
[1847][970,(5, 45),1845,S,502,48,0]
[1850][971,(5, 46),1847,E,503,47,0]
[1854][972,(4, 46),1850,N,504,48,0]
[1858][973,(4, 47),1854,E,505,47,0]
[1861][976,(4, 48),1858,E,506,46,0]
[1865][979,(5, 48),1861,S,507,45,0]
[1868][980,(6, 48),1865,S,508,44,0]
[1871][983,(6, 47),1868,O,509,45,0]
[1873][985,(7, 47),1871,S,510,44,0]
[1875][987,(8, 47),1873,S,511,43,0]
[1879][988,(8, 46),1875,O,512,44,0]
[1880][989,(7, 46),1879,N,513,45,0]
[1884][992,(6, 46),1880,N,514,46,0]
[1889][993,(6, 45),1884,O,515,47,0]
[1893][994,(6, 44),1889,O,516,48,0]
[1895][995,(6, 43),1893,O,517,49,0]
[1896][998,(5, 43),1895,N,518,50,0]
[1902][1001,(5, 42),1896,O,519,51,0]
[1904][1004,(6, 42),1902,S,520,50,0]
[1908][1005,(7, 42),1904,S,521,49,0]
[1912][1006,(7, 41),1908,O,522,50,0]
[1916][1007,(7, 40),1912,O,523,51,0]
[1921][1011,(7, 39),1916,O,524,52,0]
[1924][1012,(7, 38),1921,O,525,53,0]
[1928][1013,(7, 37),1924,O,526,54,0]
[1931][1014,(8, 37),1928,S,527,53,0]
[1934][1015,(8, 38),1931,E,528,52,0]
[1940][1016,(9, 38),1934,S,529,51,0]
[1945][1020,(9, 37),1940,O,530,52,0]
[1948][1021,(10, 37),1945,S,531,51,0]
[1950][1024,(10, 38),1948,E,532,50,0]
[1953][1028,(11, 38),1950,S,533,49,0]
[1958][1032,(11, 37),1953,O,534,50,0]
[1962][1035,(11, 36),1958,O,535,51,0]
[1964][1038,(12, 36),1962,S,536,50,0]
[1968][1040,(12, 35),1964,O,537,51,0]
[1969][1043,(11, 35),1968,N,538,52,0]
[1974][1044,(11, 34),1969,O,539,53,0]
[1975][1045,(10, 34),1974,N,540,54,0]
[1981][1046,(10, 33),1975,O,541,55,0]
[1985][1047,(10, 32),1981,O,542,56,0]
[1988][1051,(11, 32),1985,S,543,55,0]
[1993][1052,(11, 31),1988,O,544,56,0]
[1997][1055,(11, 30),1993,O,545,57,0]
[2001][1056,(11, 29),1997,O,546,58,0]
[2004][1057,(11, 28),2001,O,547,59,0]
[2007][1058,(11, 27),2004,O,548,60,0]
[2011][1059,(11, 26),2007,O,549,61,0]
[2014][1060,(11, 25),2011,O,550,62,0]
[2018][1063,(11, 24),2014,O,551,63,0]
[2021][1064,(12, 24),2018,S,552,62,0]
[2024][1065,(12, 23),2021,O,553,63,0]
[2028][1066,(12, 22),2024,O,554,64,0]
[2034][1067,(13, 22),2028,S,555,63,0]
[2041][1070,(13, 21),2034,O,556,64,0]
[2044][1072,(13, 20),2041,O,557,65,0]
[2045][1075,(12, 20),2044,N,558,66,0]
[2050][1076,(12, 19),2045,O,559,67,0]
[2053][1077,(12, 18),2050,O,560,68,0]
[2057][1080,(12, 17),2053,O,561,69,0]
[2060][1081,(13, 17),2057,S,562,68,0]
[2064][1082,(13, 16),2060,O,563,69,0]
[2067][1083,(13, 15),2064,O,564,70,0]
[2070][1086,(14, 15),2067,S,565,69,0]
[2075][1087,(14, 14),2070,O,566,70,0]
[2078][1088,(15, 14),2075,S,567,69,0]
[2081][1092,(15, 15),2078,E,568,68,0]
[2085][1096,(15, 16),2081,E,569,67,0]
[2088][1098,(14, 16),2085,N,570,68,0]
[2092][1100,(14, 17),2088,E,571,67,0]
[2096][1101,(14, 18),2092,E,572,66,0]
[2100][1103,(14, 19),2096,E,573,65,0]
[2109][1104,(14, 20),2100,E,574,64,0]
[2113][1108,(14, 21),2109,E,575,63,0]
[2117][1109,(14, 22),2113,E,576,62,0]
[2120][1112,(14, 23),2117,E,577,61,0]
[2124][1113,(14, 24),2120,E,578,60,0]
[2130][1114,(13, 24),2124,N,579,61,0]
[2134][1118,(13, 25),2130,E,580,60,0]
[2137][1122,(14, 25),2134,S,581,59,0]
[2143][1123,(15, 25),2137,S,582,58,0]
[2148][1127,(15, 24),2143,O,583,59,0]
[2152][1130,(15, 23),2148,O,584,60,0]
[2155][1132,(16, 23),2152,S,585,59,0]
[2159][1135,(16, 22),2155,O,586,60,0]
[2160][1136,(15, 22),2159,N,587,61,0]
[2166][1137,(15, 21),2160,O,588,62,0]
[2169][1138,(15, 20),2166,O,589,63,0]
[2173][1139,(15, 19),2169,O,590,64,0]
[2176][1140,(15, 18),2173,O,591,65,0]
[2179][1141,(16, 18),2176,S,592,64,0]
[2183][1142,(16, 17),2179,O,593,65,0]
[2186][1143,(16, 16),2183,O,594,66,0]
[2190][1144,(16, 15),2186,O,595,67,0]
[2193][1145,(17, 15),2190,S,596,66,0]
[2197][1146,(17, 14),2193,O,597,67,0]
[2198][1148,(16, 14),2197,N,598,68,0]
[2204][1149,(16, 13),2198,O,599,69,0]
[2207][1152,(17, 13),2204,S,600,68,0]
[2211][1155,(18, 13),2207,S,601,67,0]
[2213][1156,(18, 14),2211,E,602,66,0]
[2217][1157,(18, 15),2213,E,603,65,0]
[2221][1158,(18, 16),2217,E,604,64,0]
[2224][1160,(17, 16),2221,N,605,65,0]
[2229][1162,(17, 17),2224,E,606,64,0]
[2233][1163,(17, 18),2229,E,607,63,0]
[2237][1164,(17, 19),2233,E,608,62,0]
[2240][1165,(17, 20),2237,E,609,61,0]
[2243][1166,(16, 20),2240,N,610,62,0]
[2248][1167,(16, 21),2243,E,611,61,0]
[2255][1168,(17, 21),2248,S,612,60,0]
[2258][1169,(17, 22),2255,E,613,59,0]
[2262][1170,(17, 23),2258,E,614,58,0]
[2266][1172,(17, 24),2262,E,615,57,0]
[2270][1175,(17, 25),2266,E,616,56,0]
[2276][1176,(16, 25),2270,N,617,57,0]
[2281][1180,(16, 26),2276,E,618,56,0]
[2283][1183,(15, 26),2281,N,619,57,0]
[2286][1184,(14, 26),2283,N,620,58,0]
[2290][1188,(14, 27),2286,E,621,57,0]
[2292][1189,(13, 27),2290,N,622,58,0]
[2296][1191,(12, 27),2292,N,623,59,0]
[2301][1194,(12, 28),2296,E,624,58,0]
[2308][1196,(12, 29),2301,E,625,57,0]
[2312][1198,(12, 30),2308,E,626,56,0]
[2315][1199,(12, 31),2312,E,627,55,0]
[2319][1201,(12, 32),2315,E,628,54,0]
[2322][1204,(12, 33),2319,E,629,53,0]
[2327][1205,(13, 33),2322,S,630,52,0]
[2337][1208,(13, 34),2327,E,631,51,0]
[2339][1209,(13, 35),2337,E,632,50,0]
[2344][1210,(14, 35),2339,S,633,49,0]
[2351][1211,(14, 34),2344,O,634,50,0]
[2355][1213,(14, 33),2351,O,635,51,0]
[2359][1214,(14, 32),2355,O,636,52,0]
[2360][1215,(13, 32),2359,N,637,53,0]
[2365][1218,(13, 31),2360,O,638,54,0]
[2368][1221,(13, 30),2365,O,639,55,0]
[2372][1223,(13, 29),2368,O,640,56,0]
[2375][1227,(13, 28),2372,O,641,57,0]
[2378][1228,(14, 28),2375,S,642,56,0]
[2381][1232,(14, 29),2378,E,643,55,0]
[2384][1234,(14, 30),2381,E,644,54,0]
[2388][1235,(15, 30),2384,S,645,53,0]
[2393][1236,(15, 29),2388,O,646,54,0]
[2396][1237,(16, 29),2393,S,647,53,0]
[2400][1238,(16, 28),2396,O,648,54,0]
[2401][1241,(15, 28),2400,N,649,55,0]
[2406][1242,(15, 27),2401,O,650,56,0]
[2409][1244,(16, 27),2406,S,651,55,0]
[2413][1247,(17, 27),2409,S,652,54,0]
[2415][1248,(17, 28),2413,E,653,53,0]
[2418][1249,(18, 28),2415,S,654,52,0]
[2423][1250,(18, 27),2418,O,655,53,0]
[2426][1252,(18, 26),2423,O,656,54,0]
[2429][1253,(18, 25),2426,O,657,55,0]
[2436][1254,(18, 24),2429,O,658,56,0]
[2439][1256,(18, 23),2436,O,659,57,0]
[2443][1257,(18, 22),2439,O,660,58,0]
[2447][1258,(18, 21),2443,O,661,59,0]
[2450][1259,(19, 21),2447,S,662,58,0]
[2454][1260,(19, 20),2450,O,663,59,0]
[2457][1261,(19, 19),2454,O,664,60,0]
[2460][1262,(18, 19),2457,N,665,61,0]
[2466][1264,(18, 18),2460,O,666,62,0]
[2469][1265,(18, 17),2466,O,667,63,0]
[2472][1266,(19, 17),2469,S,668,62,0]
[2476][1267,(19, 16),2472,O,669,63,0]
[2479][1270,(20, 16),2476,S,670,62,0]
[2481][1271,(20, 17),2479,E,671,61,0]
[2484][1275,(20, 18),2481,E,672,60,0]
[2488][1276,(20, 19),2484,E,673,59,0]
[2494][1277,(20, 20),2488,E,674,58,0]
[2497][1281,(21, 20),2494,S,675,57,0]
[2502][1282,(21, 19),2497,O,676,58,0]
[2505][1285,(22, 19),2502,S,677,57,0]
[2507][1288,(22, 20),2505,E,678,56,0]
[2509][1289,(22, 21),2507,E,679,55,0]
[2512][1290,(21, 21),2509,N,680,56,0]
[2516][1291,(20, 21),2512,N,681,57,0]
[2521][1292,(20, 22),2516,E,682,56,0]
[2524][1293,(20, 23),2521,E,683,55,0]
[2530][1294,(20, 24),2524,E,684,54,0]
[2535][1298,(19, 24),2530,N,685,55,0]
[2537][1299,(19, 25),2535,E,686,54,0]
[2540][1300,(19, 26),2537,E,687,53,0]
[2543][1302,(19, 27),2540,E,688,52,0]
[2545][1303,(19, 28),2543,E,689,51,0]
[2549][1305,(19, 29),2545,E,690,50,0]
[2552][1306,(18, 29),2549,N,691,51,0]
[2556][1307,(17, 29),2552,N,692,52,0]
[2561][1309,(17, 30),2556,E,693,51,0]
[2563][1310,(16, 30),2561,N,694,52,0]
[2568][1312,(16, 31),2563,E,695,51,0]
[2571][1313,(16, 32),2568,E,696,50,0]
[2573][1316,(15, 32),2571,N,697,51,0]
[2577][1318,(15, 33),2573,E,698,50,0]
[2586][1319,(16, 33),2577,S,699,49,0]
[2589][1321,(16, 34),2586,E,700,48,0]
[2591][1323,(15, 34),2589,N,701,49,0]
[2595][1326,(15, 35),2591,E,702,48,0]
[2598][1330,(15, 36),2595,E,703,47,0]
[2600][1331,(14, 36),2598,N,704,48,0]
[2603][1332,(14, 37),2600,E,705,47,0]
[2606][1333,(13, 37),2603,N,706,48,0]
[2610][1336,(12, 37),2606,N,707,49,0]
[2614][1337,(12, 38),2610,E,708,48,0]
[2618][1339,(12, 39),2614,E,709,47,0]
[2621][1340,(11, 39),2618,N,710,48,0]
[2625][1341,(10, 39),2621,N,711,49,0]
[2629][1342,(9, 39),2625,N,712,50,0]
[2632][1344,(8, 39),2629,N,713,51,0]
[2636][1347,(8, 40),2632,E,714,50,0]
[2638][1349,(8, 41),2636,E,715,49,0]
[2642][1350,(8, 42),2638,E,716,48,0]
[2646][1354,(8, 43),2642,E,717,47,0]
[2648][1357,(7, 43),2646,N,718,48,0]
[2652][1359,(7, 44),2648,E,719,47,0]
[2655][1360,(7, 45),2652,E,720,46,0]
[2660][1361,(8, 45),2655,S,721,45,0]
[2665][1362,(8, 44),2660,O,722,46,0]
[2668][1363,(9, 44),2665,S,723,45,0]
[2672][1366,(9, 43),2668,O,724,46,0]
[2675][1368,(10, 43),2672,S,725,45,0]
[2679][1370,(10, 44),2675,E,726,44,0]
[2682][1374,(10, 45),2679,E,727,43,0]
[2685][1375,(9, 45),2682,N,728,44,0]
[2690][1376,(9, 46),2685,E,729,43,0]
[2694][1380,(9, 47),2690,E,730,42,0]
[2698][1381,(9, 48),2694,E,731,41,0]
[2703][1383,(10, 48),2698,S,732,40,0]
[2738][1384,(10, 47),2703,O,733,41,0]
[2741][1385,(11, 47),2738,S,734,40,0]
[2744][1386,(11, 46),2741,O,735,41,0]
[2748][1387,(11, 45),2744,O,736,42,0]
[2755][1388,(11, 44),2748,O,737,43,0]
[2759][1391,(11, 43),2755,O,738,44,0]
[2763][1394,(11, 42),2759,O,739,45,0]
[2764][1398,(10, 42),2763,N,740,46,0]
[2768][1400,(10, 41),2764,O,741,47,0]
[2769][1403,(9, 41),2768,N,742,48,0]
[2775][1404,(9, 40),2769,O,743,49,0]
[2778][1408,(10, 40),2775,S,744,48,0]
[2782][1409,(11, 40),2778,S,745,47,0]
[2785][1410,(11, 41),2782,E,746,46,0]
[2790][1411,(12, 41),2785,S,747,45,0]
[2793][1412,(12, 42),2790,E,748,44,0]
[2795][1415,(12, 43),2793,E,749,43,0]
[2799][1418,(12, 44),2795,E,750,42,0]
[2803][1419,(12, 45),2799,E,751,41,0]
[2807][1422,(12, 46),2803,E,752,40,0]
[2811][1424,(13, 46),2807,S,753,39,0]
[2815][1425,(13, 45),2811,O,754,40,0]
[2819][1427,(13, 44),2815,O,755,41,0]
[2823][1431,(13, 43),2819,O,756,42,0]
[2827][1433,(13, 42),2823,O,757,43,0]
[2831][1434,(13, 41),2827,O,758,44,0]
[2835][1437,(13, 40),2831,O,759,45,0]
[2837][1440,(13, 39),2835,O,760,46,0]
[2840][1442,(14, 39),2837,S,761,45,0]
[2848][1443,(14, 38),2840,O,762,46,0]
[2850][1444,(15, 38),2848,S,763,45,0]
[2854][1445,(15, 37),2850,O,764,46,0]
[2857][1446,(16, 37),2854,S,765,45,0]
[2862][1448,(16, 36),2857,O,766,46,0]
[2864][1450,(16, 35),2862,O,767,47,0]
[2866][1451,(17, 35),2864,S,768,46,0]
[2870][1454,(17, 34),2866,O,769,47,0]
[2874][1455,(17, 33),2870,O,770,48,0]
[2878][1457,(17, 32),2874,O,771,49,0]
[2882][1458,(17, 31),2878,O,772,50,0]
[2884][1459,(18, 31),2882,S,773,49,0]
[2887][1460,(18, 32),2884,E,774,48,0]
[2889][1462,(18, 33),2887,E,775,47,0]
[2893][1463,(18, 34),2889,E,776,46,0]
[2896][1466,(18, 35),2893,E,777,45,0]
[2899][1467,(18, 36),2896,E,778,44,0]
[2903][1468,(18, 37),2899,E,779,43,0]
[2909][1469,(18, 38),2903,E,780,42,0]
[2914][1470,(17, 38),2909,N,781,43,0]
[2918][1473,(16, 38),2914,N,782,44,0]
[2921][1475,(16, 39),2918,E,783,43,0]
[2924][1476,(15, 39),2921,N,784,44,0]
[2929][1477,(15, 40),2924,E,785,43,0]
[2933][1478,(15, 41),2929,E,786,42,0]
[2938][1482,(14, 41),2933,N,787,43,0]
[2943][1483,(14, 42),2938,E,788,42,0]
[2946][1487,(14, 43),2943,E,789,41,0]
[2950][1489,(14, 44),2946,E,790,40,0]
[2953][1492,(15, 44),2950,S,791,39,0]
[2958][1495,(15, 43),2953,O,792,40,0]
[2960][1497,(16, 43),2958,S,793,39,0]
[2964][1498,(16, 42),2960,O,794,40,0]
[2967][1499,(16, 41),2964,O,795,41,0]
[2974][1502,(16, 40),2967,O,796,42,0]
[2977][1503,(17, 40),2974,S,797,41,0]
[2982][1504,(17, 39),2977,O,798,42,0]
[2985][1505,(18, 39),2982,S,799,41,0]
[2988][1507,(19, 39),2985,S,800,40,0]
[2992][1508,(19, 38),2988,O,801,41,0]
[2995][1509,(20, 38),2992,S,802,40,0]
[3001][1510,(20, 37),2995,O,803,41,0]
[3004][1511,(20, 36),3001,O,804,42,0]
[3005][1512,(19, 36),3004,N,805,43,0]
[3011][1513,(19, 35),3005,O,806,44,0]
[3014][1514,(19, 34),3011,O,807,45,0]
[3017][1516,(19, 33),3014,O,808,46,0]
[3019][1517,(20, 33),3017,S,809,45,0]
[3022][1520,(20, 32),3019,O,810,46,0]
[3026][1521,(20, 31),3022,O,811,47,0]
[3035][1524,(21, 31),3026,S,812,46,0]
[3039][1526,(21, 30),3035,O,813,47,0]
[3043][1527,(21, 29),3039,O,814,48,0]
[3049][1529,(22, 29),3043,S,815,47,0]
[3051][1532,(22, 30),3049,E,816,46,0]
[3054][1533,(22, 31),3051,E,817,45,0]
[3058][1536,(22, 32),3054,E,818,44,0]
[3061][1538,(21, 32),3058,N,819,45,0]
[3066][1541,(21, 33),3061,E,820,44,0]
[3069][1542,(21, 34),3066,E,821,43,0]
[3073][1543,(22, 34),3069,S,822,42,0]
[3083][1544,(22, 33),3073,O,823,43,0]
[3086][1547,(23, 33),3083,S,824,42,0]
[3091][1550,(23, 32),3086,O,825,43,0]
[3095][1551,(23, 31),3091,O,826,44,0]
[3099][1552,(23, 30),3095,O,827,45,0]
[3103][1553,(23, 29),3099,O,828,46,0]
[3107][1554,(23, 28),3103,O,829,47,0]
[3108][1555,(22, 28),3107,N,830,48,0]
[3112][1556,(21, 28),3108,N,831,49,0]
[3115][1557,(20, 28),3112,N,832,50,0]
[3120][1561,(20, 27),3115,O,833,51,0]
[3124][1562,(20, 26),3120,O,834,52,0]
[3127][1564,(20, 25),3124,O,835,53,0]
[3130][1566,(21, 25),3127,S,836,52,0]
[3132][1570,(22, 25),3130,S,837,51,0]
[3135][1574,(22, 24),3132,O,838,52,0]
[3136][1575,(21, 24),3135,N,839,53,0]
[3140][1576,(21, 23),3136,O,840,54,0]
[3144][1577,(21, 22),3140,O,841,55,0]
[3146][1579,(22, 22),3144,S,842,54,0]
[3149][1581,(22, 23),3146,E,843,53,0]
[3153][1585,(23, 23),3149,S,844,52,0]
[3156][1586,(23, 24),3153,E,845,51,0]
[3159][1587,(23, 25),3156,E,846,50,0]
[3162][1589,(23, 26),3159,E,847,49,0]
[3165][1590,(22, 26),3162,N,848,50,0]
[3169][1594,(21, 26),3165,N,849,51,0]
[3174][1595,(21, 27),3169,E,850,50,0]
[3178][1599,(22, 27),3174,S,851,49,0]
[3182][1601,(23, 27),3178,S,852,48,0]
[3186][1602,(24, 27),3182,S,853,47,0]
[3191][1604,(24, 26),3186,O,854,48,0]
[3194][1606,(25, 26),3191,S,855,47,0]
[3196][1609,(25, 27),3194,E,856,46,0]
[3198][1612,(25, 28),3196,E,857,45,0]
[3201][1614,(24, 28),3198,N,858,46,0]
[3206][1617,(24, 29),3201,E,859,45,0]
[3210][1619,(25, 29),3206,S,860,44,0]
[3213][1620,(25, 30),3210,E,861,43,0]
[3216][1623,(24, 30),3213,N,862,44,0]
[3220][1625,(24, 31),3216,E,863,43,0]
[3223][1629,(24, 32),3220,E,864,42,0]
[3227][1632,(24, 33),3223,E,865,41,0]
[3231][1634,(24, 34),3227,E,866,40,0]
[3233][1635,(23, 34),3231,N,867,41,0]
[3238][1636,(23, 35),3233,E,868,40,0]
[3241][1637,(24, 35),3238,S,869,39,0]
[3244][1638,(24, 36),3241,E,870,38,0]
[3247][1639,(23, 36),3244,N,871,39,0]
[3250][1640,(22, 36),3247,N,872,40,0]
[3253][1641,(21, 36),3250,N,873,41,0]
[3258][1642,(21, 37),3253,E,874,40,0]
[3266][1644,(22, 37),3258,S,875,39,0]
[3269][1647,(22, 38),3266,E,876,38,0]
[3271][1648,(21, 38),3269,N,877,39,0]
[3275][1651,(21, 39),3271,E,878,38,0]
[3277][1652,(21, 40),3275,E,879,37,0]
[3280][1656,(20, 40),3277,N,880,38,0]
[3284][1657,(19, 40),3280,N,881,39,0]
[3289][1661,(19, 41),3284,E,882,38,0]
[3293][1662,(18, 41),3289,N,883,39,0]
[3296][1663,(18, 42),3293,E,884,38,0]
[3298][1664,(17, 42),3296,N,885,39,0]
[3302][1667,(17, 43),3298,E,886,38,0]
[3309][1668,(17, 44),3302,E,887,37,0]
[3312][1672,(17, 45),3309,E,888,36,0]
[3316][1676,(17, 46),3312,E,889,35,0]
[3324][1677,(16, 46),3316,N,890,36,0]
[3327][1678,(15, 46),3324,N,891,37,0]
[3330][1681,(14, 46),3327,N,892,38,0]
[3334][1684,(14, 47),3330,E,893,37,0]
[3343][1688,(13, 47),3334,N,894,38,0]
[3346][1689,(13, 48),3343,E,895,37,0]
[3349][1690,(13, 49),3346,E,896,36,0]
[3353][1693,(14, 49),3349,S,897,35,0]
[3370][1694,(14, 48),3353,O,898,36,0]
[3373][1698,(15, 48),3370,S,899,35,0]
[3376][1699,(15, 49),3373,E,900,34,0]
[3382][1701,(16, 49),3376,S,901,33,0]
[3386][1702,(16, 48),3382,O,902,34,0]
[3389][1706,(17, 48),3386,S,903,33,0]
[3392][1708,(18, 48),3389,S,904,32,0]
[3403][1712,(18, 47),3392,O,905,33,0]
[3406][1713,(18, 46),3403,O,906,34,0]
[3409][1714,(18, 45),3406,O,907,35,0]
[3413][1715,(18, 44),3409,O,908,36,0]
[3416][1717,(19, 44),3413,S,909,35,0]
[3420][1720,(19, 43),3416,O,910,36,0]
[3423][1723,(19, 42),3420,O,911,37,0]
[3429][1726,(20, 42),3423,S,912,36,0]
[3434][1727,(20, 41),3429,O,913,37,0]
[3436][1729,(21, 41),3434,S,914,36,0]
[3439][1733,(21, 42),3436,E,915,35,0]
[3443][1735,(21, 43),3439,E,916,34,0]
[3445][1736,(20, 43),3443,N,917,35,0]
[3449][1738,(20, 44),3445,E,918,34,0]
[3453][1741,(20, 45),3449,E,919,33,0]
[3456][1743,(19, 45),3453,N,920,34,0]
[3461][1744,(19, 46),3456,E,921,33,0]
[3465][1745,(19, 47),3461,E,922,32,0]
[3469][1747,(19, 48),3465,E,923,31,0]
[3473][1748,(19, 49),3469,E,924,30,0]
[3477][1749,(20, 49),3473,S,925,29,0]
[3482][1750,(20, 48),3477,O,926,30,0]
[3486][1753,(20, 47),3482,O,927,31,0]
[3489][1754,(20, 46),3486,O,928,32,0]
[3492][1757,(21, 46),3489,S,929,31,0]
[3496][1758,(21, 45),3492,O,930,32,0]
[3499][1759,(21, 44),3496,O,931,33,0]
[3502][1761,(22, 44),3499,S,932,32,0]
[3507][1763,(22, 43),3502,O,933,33,0]
[3511][1764,(22, 42),3507,O,934,34,0]
[3513][1765,(22, 41),3511,O,935,35,0]
[3517][1766,(22, 40),3513,O,936,36,0]
[3520][1768,(22, 39),3517,O,937,37,0]
[3523][1769,(23, 39),3520,S,938,36,0]
[3528][1771,(23, 38),3523,O,939,37,0]
[3532][1774,(23, 37),3528,O,940,38,0]
[3534][1775,(24, 37),3532,S,941,37,0]
[3537][1778,(24, 38),3534,E,942,36,0]
[3540][1779,(24, 39),3537,E,943,35,0]
[3543][1781,(24, 40),3540,E,944,34,0]
[3547][1783,(24, 41),3543,E,945,33,0]
[3554][1784,(24, 42),3547,E,946,32,0]
[3557][1785,(23, 42),3554,N,947,33,0]
[3561][1786,(23, 43),3557,E,948,32,0]
[3564][1787,(23, 44),3561,E,949,31,0]
[3568][1789,(23, 45),3564,E,950,30,0]
[3571][1790,(24, 45),3568,S,951,29,0]
[3578][1793,(24, 44),3571,O,952,30,0]
[3581][1795,(24, 43),3578,O,953,31,0]
[3584][1797,(25, 43),3581,S,954,30,0]
[3588][1798,(25, 42),3584,O,955,31,0]
[3592][1799,(25, 41),3588,O,956,32,0]
[3595][1802,(25, 40),3592,O,957,33,0]
[3598][1803,(25, 39),3595,O,958,34,0]
[3601][1805,(26, 39),3598,S,959,33,0]
[3604][1806,(26, 38),3601,O,960,34,0]
[3605][1809,(25, 38),3604,N,961,35,0]
[3609][1810,(25, 37),3605,O,962,36,0]
[3613][1811,(25, 36),3609,O,963,37,0]
[3616][1812,(26, 36),3613,S,964,36,0]
[3620][1815,(26, 35),3616,O,965,37,0]
[3621][1817,(25, 35),3620,N,966,38,0]
[3627][1821,(25, 34),3621,O,967,39,0]
[3630][1822,(26, 34),3627,S,968,38,0]
[3633][1825,(26, 33),3630,O,969,39,0]
[3634][1826,(25, 33),3633,N,970,40,0]
[3639][1827,(25, 32),3634,O,971,41,0]
[3643][1828,(25, 31),3639,O,972,42,0]
[3646][1831,(26, 31),3643,S,973,41,0]
[3651][1832,(26, 30),3646,O,974,42,0]
[3653][1835,(27, 30),3651,S,975,41,0]
[3657][1836,(27, 29),3653,O,976,42,0]
[3660][1837,(27, 28),3657,O,977,43,0]
[3661][1841,(26, 28),3660,N,978,44,0]
[3667][1842,(26, 27),3661,O,979,45,0]
[3671][1845,(26, 26),3667,O,980,46,0]
[3674][1846,(26, 25),3671,O,981,47,0]
[3675][1849,(25, 25),3674,N,982,48,0]
[3679][1850,(24, 25),3675,N,983,49,0]
[3684][1851,(24, 24),3679,O,984,50,0]
[3688][1852,(24, 23),3684,O,985,51,0]
[3692][1853,(24, 22),3688,O,986,52,0]
[3693][1854,(23, 22),3692,N,987,53,0]
[3699][1856,(23, 21),3693,O,988,54,0]
[3702][1860,(24, 21),3699,S,989,53,0]
[3706][1861,(24, 20),3702,O,990,54,0]
[3707][1864,(23, 20),3706,N,991,55,0]
[3713][1865,(23, 19),3707,O,992,56,0]
[3715][1869,(24, 19),3713,S,993,55,0]
[3718][1870,(25, 19),3715,S,994,54,0]
[3722][1872,(25, 18),3718,O,995,55,0]
[3723][1874,(24, 18),3722,N,996,56,0]
[3726][1875,(23, 18),3723,N,997,57,0]
[3729][1876,(22, 18),3726,N,998,58,0]
[3733][1878,(22, 17),3729,O,999,59,0]
[3734][1880,(21, 17),3733,N,1000,60,0]
[3739][1882,(21, 16),3734,O,1001,61,0]
[3743][1884,(21, 15),3739,O,1002,62,0]
[3744][1887,(20, 15),3743,N,1003,63,0]
[3748][1890,(19, 15),3744,N,1004,64,0]
[3753][1891,(19, 14),3748,O,1005,65,0]
[3756][1894,(19, 13),3753,O,1006,66,0]
[3759][1895,(19, 12),3756,O,1007,67,0]
[3762][1898,(20, 12),3759,S,1008,66,0]
[3766][1902,(20, 11),3762,O,1009,67,0]
[3767][1903,(19, 11),3766,N,1010,68,0]
[3772][1904,(19, 10),3767,O,1011,69,0]
[3776][1905,(19, 9),3772,O,1012,70,0]
[3780][1908,(19, 8),3776,O,1013,71,0]
[3783][1912,(20, 8),3780,S,1014,70,0]
[3786][1916,(20, 9),3783,E,1015,69,0]
[3789][1919,(20, 10),3786,E,1016,68,0]
[3793][1922,(21, 10),3789,S,1017,67,0]
[3797][1926,(21, 9),3793,O,1018,68,0]
[3800][1929,(21, 8),3797,O,1019,69,0]
[3804][1930,(21, 7),3800,O,1020,70,0]
[3807][1933,(22, 7),3804,S,1021,69,0]
[3814][1937,(22, 6),3807,O,1022,70,0]
[3816][1938,(22, 5),3814,O,1023,71,0]
[3819][1942,(23, 5),3816,S,1024,70,0]
[3828][1943,(23, 4),3819,O,1025,71,0]
[3829][1944,(22, 4),3828,N,1026,72,0]
[3835][1947,(22, 3),3829,O,1027,73,0]
[3841][1948,(23, 3),3835,S,1028,72,0]
[3844][1949,(23, 2),3841,O,1029,73,0]
[3847][1952,(23, 1),3844,O,1030,74,0]
[3851][1953,(24, 1),3847,S,1031,73,0]
[3859][1957,(24, 0),3851,O,1032,74,0]
[3861][1958,(25, 0),3859,S,1033,73,0]
[3863][1959,(26, 0),3861,S,1034,72,0]
[3865][1960,(26, 1),3863,E,1035,71,0]
[3867][1962,(26, 2),3865,E,1036,70,0]
[3872][1963,(27, 2),3867,S,1037,69,0]
[3877][1964,(27, 1),3872,O,1038,70,0]
[3881][1966,(27, 0),3877,O,1039,71,0]
[3883][1969,(28, 0),3881,S,1040,70,0]
[3885][1970,(29, 0),3883,S,1041,69,0]
[3887][1971,(29, 1),3885,E,1042,68,0]
[3890][1972,(29, 2),3887,E,1043,67,0]
[3895][1973,(29, 3),3890,E,1044,66,0]
[3899][1974,(29, 4),3895,E,1045,65,0]
[3906][1975,(28, 4),3899,N,1046,66,0]
[3910][1977,(27, 4),3906,N,1047,67,0]
[3914][1980,(27, 3),3910,O,1048,68,0]
[3915][1983,(26, 3),3914,N,1049,69,0]
[3918][1987,(25, 3),3915,N,1050,70,0]
[3921][1990,(24, 3),3918,N,1051,71,0]
[3925][1991,(24, 4),3921,E,1052,70,0]
[3928][1992,(24, 5),3925,E,1053,69,0]
[3932][1993,(24, 6),3928,E,1054,68,0]
[3936][1994,(24, 7),3932,E,1055,67,0]
[3941][1995,(23, 7),3936,N,1056,68,0]
[3945][1996,(23, 8),3941,E,1057,67,0]
[3947][1999,(22, 8),3945,N,1058,68,0]
[3951][2002,(22, 9),3947,E,1059,67,0]
[3955][2004,(22, 10),3951,E,1060,66,0]
[3958][2005,(22, 11),3955,E,1061,65,0]
[3961][2008,(21, 11),3958,N,1062,66,0]
[3963][2010,(21, 12),3961,E,1063,65,0]
[3967][2013,(21, 13),3963,E,1064,64,0]
[3970][2015,(20, 13),3967,N,1065,65,0]
[3974][2018,(20, 14),3970,E,1066,64,0]
[3978][2019,(21, 14),3974,S,1067,63,0]
[3982][2020,(22, 14),3978,S,1068,62,0]
[3987][2021,(22, 13),3982,O,1069,63,0]
[3991][2023,(22, 12),3987,O,1070,64,0]
[3994][2024,(23, 12),3991,S,1071,63,0]
[3998][2025,(23, 11),3994,O,1072,64,0]
[4001][2026,(23, 10),3998,O,1073,65,0]
[4004][2027,(23, 9),4001,O,1074,66,0]
[4007][2030,(24, 9),4004,S,1075,65,0]
[4010][2031,(24, 10),4007,E,1076,64,0]
[4014][2032,(24, 11),4010,E,1077,63,0]
[4018][2033,(24, 12),4014,E,1078,62,0]
[4022][2035,(24, 13),4018,E,1079,61,0]
[4024][2036,(24, 14),4022,E,1080,60,0]
[4027][2038,(23, 14),4024,N,1081,61,0]
[4031][2041,(23, 15),4027,E,1082,60,0]
[4038][2042,(23, 16),4031,E,1083,59,0]
[4048][2043,(23, 17),4038,E,1084,58,0]
[4052][2044,(24, 17),4048,S,1085,57,0]
[4056][2046,(25, 17),4052,S,1086,56,0]
[4058][2047,(25, 16),4056,O,1087,57,0]
[4061][2048,(25, 15),4058,O,1088,58,0]
[4064][2049,(25, 14),4061,O,1089,59,0]
[4067][2050,(25, 13),4064,O,1090,60,0]
[4070][2052,(26, 13),4067,S,1091,59,0]
[4073][2055,(26, 12),4070,O,1092,60,0]
[4077][2057,(26, 11),4073,O,1093,61,0]
[4081][2059,(26, 10),4077,O,1094,62,0]
[4082][2060,(25, 10),4081,N,1095,63,0]
[4089][2061,(25, 9),4082,O,1096,64,0]
[4091][2065,(26, 9),4089,S,1097,63,0]
[4095][2067,(26, 8),4091,O,1098,64,0]
[4099][2068,(26, 7),4095,O,1099,65,0]
[4101][2069,(25, 7),4099,N,1100,66,0]
[4105][2072,(25, 6),4101,O,1101,67,0]
[4109][2075,(25, 5),4105,O,1102,68,0]
[4113][2078,(25, 4),4109,O,1103,69,0]
[4116][2080,(26, 4),4113,S,1104,68,0]
[4119][2084,(26, 5),4116,E,1105,67,0]
[4122][2085,(27, 5),4119,S,1106,66,0]
[4126][2086,(28, 5),4122,S,1107,65,0]
[4133][2088,(28, 6),4126,E,1108,64,0]
[4136][2089,(28, 7),4133,E,1109,63,0]
[4138][2092,(27, 7),4136,N,1110,64,0]
[4141][2093,(27, 8),4138,E,1111,63,0]
[4144][2094,(27, 9),4141,E,1112,62,0]
[4147][2095,(27, 10),4144,E,1113,61,0]
[4152][2098,(28, 10),4147,S,1114,60,0]
[4159][2099,(28, 9),4152,O,1115,61,0]
[4162][2101,(29, 9),4159,S,1116,60,0]
[4169][2102,(29, 8),4162,O,1117,61,0]
[4172][2103,(29, 7),4169,O,1118,62,0]
[4174][2104,(30, 7),4172,S,1119,61,0]
[4177][2105,(30, 6),4174,O,1120,62,0]
[4178][2106,(29, 6),4177,N,1121,63,0]
[4182][2107,(29, 5),4178,O,1122,64,0]
[4185][2109,(30, 5),4182,S,1123,63,0]
[4189][2113,(31, 5),4185,S,1124,62,0]
[4193][2114,(31, 4),4189,O,1125,63,0]
[4197][2115,(31, 3),4193,O,1126,64,0]
[4205][2118,(31, 2),4197,O,1127,65,0]
[4207][2119,(31, 1),4205,O,1128,66,0]
[4209][2120,(32, 1),4207,S,1129,65,0]
[4224][2121,(32, 2),4209,E,1130,64,0]
[4226][2122,(32, 3),4224,E,1131,63,0]
[4230][2124,(32, 4),4226,E,1132,62,0]
[4234][2127,(32, 5),4230,E,1133,61,0]
[4238][2128,(32, 6),4234,E,1134,60,0]
[4241][2130,(31, 6),4238,N,1135,61,0]
[4245][2132,(31, 7),4241,E,1136,60,0]
[4249][2135,(31, 8),4245,E,1137,59,0]
[4252][2136,(30, 8),4249,N,1138,60,0]
[4257][2137,(30, 9),4252,E,1139,59,0]
[4260][2138,(30, 10),4257,E,1140,58,0]
[4263][2139,(29, 10),4260,N,1141,59,0]
[4268][2140,(29, 11),4263,E,1142,58,0]
[4271][2141,(29, 12),4268,E,1143,57,0]
[4274][2142,(28, 12),4271,N,1144,58,0]
[4278][2143,(27, 12),4274,N,1145,59,0]
[4283][2144,(27, 13),4278,E,1146,58,0]
[4286][2145,(27, 14),4283,E,1147,57,0]
[4289][2146,(26, 14),4286,N,1148,58,0]
[4294][2147,(26, 15),4289,E,1149,57,0]
[4297][2148,(26, 16),4294,E,1150,56,0]
[4301][2151,(26, 17),4297,E,1151,55,0]
[4304][2153,(26, 18),4301,E,1152,54,0]
[4308][2155,(26, 19),4304,E,1153,53,0]
[4312][2158,(27, 19),4308,S,1154,52,0]
[4317][2160,(27, 18),4312,O,1155,53,0]
[4321][2163,(27, 17),4317,O,1156,54,0]
[4324][2166,(28, 17),4321,S,1157,53,0]
[4327][2167,(28, 16),4324,O,1158,54,0]
[4330][2168,(29, 16),4327,S,1159,53,0]
[4344][2172,(29, 15),4330,O,1160,54,0]
[4347][2173,(29, 14),4344,O,1161,55,0]
[4348][2177,(28, 14),4347,N,1162,56,0]
[4353][2180,(28, 13),4348,O,1163,57,0]
[4356][2183,(29, 13),4353,S,1164,56,0]
[4360][2184,(30, 13),4356,S,1165,55,0]
[4363][2187,(31, 13),4360,S,1166,54,0]
[4367][2191,(31, 12),4363,O,1167,55,0]
[4368][2192,(30, 12),4367,N,1168,56,0]
[4374][2196,(30, 11),4368,O,1169,57,0]
[4377][2199,(31, 11),4374,S,1170,56,0]
[4381][2202,(31, 10),4377,O,1171,57,0]
[4384][2206,(32, 10),4381,S,1172,56,0]
[4392][2210,(32, 9),4384,O,1173,57,0]
[4394][2211,(32, 8),4392,O,1174,58,0]
[4397][2212,(32, 7),4394,O,1175,59,0]
[4400][2213,(33, 7),4397,S,1176,58,0]
[4404][2216,(33, 6),4400,O,1177,59,0]
[4408][2219,(33, 5),4404,O,1178,60,0]
[4411][2222,(33, 4),4408,O,1179,61,0]
[4414][2223,(33, 3),4411,O,1180,62,0]
[4417][2226,(33, 2),4414,O,1181,63,0]
[4421][2227,(33, 1),4417,O,1182,64,0]
[4425][2229,(33, 0),4421,O,1183,65,0]
[4427][2230,(34, 0),4425,S,1184,64,0]
[4429][2232,(34, 1),4427,E,1185,63,0]
[4432][2233,(34, 2),4429,E,1186,62,0]
[4436][2234,(34, 3),4432,E,1187,61,0]
[4440][2235,(35, 3),4436,S,1188,60,0]
[4445][2236,(35, 2),4440,O,1189,61,0]
[4449][2238,(35, 1),4445,O,1190,62,0]
[4453][2239,(35, 0),4449,O,1191,63,0]
[4456][2240,(36, 0),4453,S,1192,62,0]
[4458][2243,(36, 1),4456,E,1193,61,0]
[4461][2246,(36, 2),4458,E,1194,60,0]
[4464][2247,(36, 3),4461,E,1195,59,0]
[4467][2249,(36, 4),4464,E,1196,58,0]
[4470][2250,(35, 4),4467,N,1197,59,0]
[4474][2252,(35, 5),4470,E,1198,58,0]
[4477][2256,(34, 5),4474,N,1199,59,0]
[4481][2257,(34, 6),4477,E,1200,58,0]
[4484][2258,(34, 7),4481,E,1201,57,0]
[4488][2260,(34, 8),4484,E,1202,56,0]
[4491][2263,(34, 9),4488,E,1203,55,0]
[4495][2264,(33, 9),4491,N,1204,56,0]
[4499][2268,(33, 10),4495,E,1205,55,0]
[4502][2269,(33, 11),4499,E,1206,54,0]
[4505][2270,(33, 12),4502,E,1207,53,0]
[4508][2271,(32, 12),4505,N,1208,54,0]
[4513][2275,(32, 13),4508,E,1209,53,0]
[4519][2276,(33, 13),4513,S,1210,52,0]
[4522][2277,(33, 14),4519,E,1211,51,0]
[4525][2278,(32, 14),4522,N,1212,52,0]
[4529][2282,(31, 14),4525,N,1213,53,0]
[4532][2284,(31, 15),4529,E,1214,52,0]
[4535][2286,(30, 15),4532,N,1215,53,0]
[4540][2289,(30, 16),4535,E,1216,52,0]
[4545][2290,(30, 17),4540,E,1217,51,0]
[4548][2291,(29, 17),4545,N,1218,52,0]
[4553][2292,(29, 18),4548,E,1219,51,0]
[4556][2295,(28, 18),4553,N,1220,52,0]
[4560][2296,(28, 19),4556,E,1221,51,0]
[4563][2297,(28, 20),4560,E,1222,50,0]
[4566][2300,(28, 21),4563,E,1223,49,0]
[4568][2303,(27, 21),4566,N,1224,50,0]
[4572][2304,(26, 21),4568,N,1225,51,0]
[4576][2305,(25, 21),4572,N,1226,52,0]
[4580][2309,(25, 22),4576,E,1227,51,0]
[4594][2310,(25, 23),4580,E,1228,50,0]
[4599][2311,(26, 23),4594,S,1229,49,0]
[4609][2312,(26, 22),4599,O,1230,50,0]
[4612][2313,(27, 22),4609,S,1231,49,0]
[4614][2316,(27, 23),4612,E,1232,48,0]
[4618][2317,(27, 24),4614,E,1233,47,0]
[4621][2319,(27, 25),4618,E,1234,46,0]
[4625][2322,(27, 26),4621,E,1235,45,0]
[4629][2323,(28, 26),4625,S,1236,44,0]
[4632][2324,(28, 27),4629,E,1237,43,0]
[4635][2326,(29, 27),4632,S,1238,42,0]
[4645][2329,(29, 28),4635,E,1239,41,0]
[4647][2332,(29, 29),4645,E,1240,40,0]
[4650][2336,(29, 30),4647,E,1241,39,0]
[4652][2337,(28, 30),4650,N,1242,40,0]
[4657][2338,(28, 31),4652,E,1243,39,0]
[4659][2341,(27, 31),4657,N,1244,40,0]
[4663][2343,(27, 32),4659,E,1245,39,0]
[4666][2346,(27, 33),4663,E,1246,38,0]
[4670][2347,(27, 34),4666,E,1247,37,0]
[4673][2350,(27, 35),4670,E,1248,36,0]
[4677][2354,(27, 36),4673,E,1249,35,0]
[4681][2356,(27, 37),4677,E,1250,34,0]
[4685][2357,(27, 38),4681,E,1251,33,0]
[4691][2359,(28, 38),4685,S,1252,32,0]
[4695][2363,(28, 37),4691,O,1253,33,0]
[4698][2365,(28, 36),4695,O,1254,34,0]
[4702][2368,(28, 35),4698,O,1255,35,0]
[4706][2371,(28, 34),4702,O,1256,36,0]
[4709][2372,(28, 33),4706,O,1257,37,0]
[4713][2375,(28, 32),4709,O,1258,38,0]
[4716][2376,(29, 32),4713,S,1259,37,0]
[4718][2377,(30, 32),4716,S,1260,36,0]
[4725][2378,(30, 31),4718,O,1261,37,0]
[4728][2380,(30, 30),4725,O,1262,38,0]
[4732][2381,(30, 29),4728,O,1263,39,0]
[4734][2382,(31, 29),4732,S,1264,38,0]
[4738][2383,(31, 28),4734,O,1265,39,0]
[4740][2387,(31, 27),4738,O,1266,40,0]
[4743][2388,(31, 26),4740,O,1267,41,0]
[4744][2391,(30, 26),4743,N,1268,42,0]
[4749][2393,(30, 25),4744,O,1269,43,0]
[4750][2396,(29, 25),4749,N,1270,44,0]
[4753][2397,(28, 25),4750,N,1271,45,0]
[4759][2399,(28, 24),4753,O,1272,46,0]
[4763][2400,(28, 23),4759,O,1273,47,0]
[4766][2401,(29, 23),4763,S,1274,46,0]
[4774][2404,(29, 22),4766,O,1275,47,0]
[4777][2408,(29, 21),4774,O,1276,48,0]
[4781][2411,(29, 20),4777,O,1277,49,0]
[4784][2412,(29, 19),4781,O,1278,50,0]
[4787][2415,(30, 19),4784,S,1279,49,0]
[4790][2418,(31, 19),4787,S,1280,48,0]
[4796][2420,(31, 18),4790,O,1281,49,0]
[4799][2421,(31, 17),4796,O,1282,50,0]
[4803][2424,(31, 16),4799,O,1283,51,0]
[4806][2426,(32, 16),4803,S,1284,50,0]
[4809][2430,(32, 17),4806,E,1285,49,0]
[4812][2433,(32, 18),4809,E,1286,48,0]
[4816][2437,(32, 19),4812,E,1287,47,0]
[4819][2438,(32, 20),4816,E,1288,46,0]
[4822][2439,(31, 20),4819,N,1289,47,0]
[4826][2441,(31, 21),4822,E,1290,46,0]
[4829][2444,(32, 21),4826,S,1291,45,0]
[4832][2448,(32, 22),4829,E,1292,44,0]
[4835][2449,(31, 22),4832,N,1293,45,0]
[4840][2451,(31, 23),4835,E,1294,44,0]
[4845][2452,(31, 24),4840,E,1295,43,0]
[4857][2453,(32, 24),4845,S,1296,42,0]
[4860][2454,(32, 25),4857,E,1297,41,0]
[4866][2455,(32, 26),4860,E,1298,40,0]
[4870][2456,(33, 26),4866,S,1299,39,0]
[4875][2458,(33, 25),4870,O,1300,40,0]
[4879][2460,(33, 24),4875,O,1301,41,0]
[4883][2464,(33, 23),4879,O,1302,42,0]
[4886][2466,(33, 22),4883,O,1303,43,0]
[4890][2469,(33, 21),4886,O,1304,44,0]
[4894][2471,(33, 20),4890,O,1305,45,0]
[4898][2472,(33, 19),4894,O,1306,46,0]
[4902][2475,(33, 18),4898,O,1307,47,0]
[4905][2478,(33, 17),4902,O,1308,48,0]
[4908][2482,(34, 17),4905,S,1309,47,0]
[4912][2483,(34, 16),4908,O,1310,48,0]
[4915][2484,(35, 16),4912,S,1311,47,0]
[4929][2488,(35, 17),4915,E,1312,46,0]
[4932][2491,(36, 17),4929,S,1313,45,0]
[4937][2492,(36, 16),4932,O,1314,46,0]
[4941][2495,(36, 15),4937,O,1315,47,0]
[4945][2498,(36, 14),4941,O,1316,48,0]
[4950][2500,(36, 13),4945,O,1317,49,0]
[4952][2501,(35, 13),4950,N,1318,50,0]
[4957][2504,(35, 12),4952,O,1319,51,0]
[4960][2507,(35, 11),4957,O,1320,52,0]
[4961][2509,(34, 11),4960,N,1321,53,0]
[4968][2512,(34, 10),4961,O,1322,54,0]
[4971][2513,(35, 10),4968,S,1323,53,0]
[4976][2514,(35, 9),4971,O,1324,54,0]
[4979][2515,(36, 9),4976,S,1325,53,0]
[4986][2519,(36, 8),4979,O,1326,54,0]
[4989][2521,(36, 7),4986,O,1327,55,0]
[4990][2522,(35, 7),4989,N,1328,56,0]
[4995][2523,(35, 6),4990,O,1329,57,0]
[4998][2524,(36, 6),4995,S,1330,56,0]
[5002][2525,(36, 5),4998,O,1331,57,0]
[5005][2527,(37, 5),5002,S,1332,56,0]
[5010][2529,(37, 4),5005,O,1333,57,0]
[5013][2530,(38, 4),5010,S,1334,56,0]
[5017][2531,(38, 3),5013,O,1335,57,0]
[5018][2532,(37, 3),5017,N,1336,58,0]
[5024][2536,(37, 2),5018,O,1337,59,0]
[5028][2537,(37, 1),5024,O,1338,60,0]
[5031][2538,(37, 0),5028,O,1339,61,0]
[5034][2540,(38, 0),5031,S,1340,60,0]
[5036][2541,(38, 1),5034,E,1341,59,0]
[5039][2543,(38, 2),5036,E,1342,58,0]
[5044][2546,(39, 2),5039,S,1343,57,0]
[5049][2547,(39, 1),5044,O,1344,58,0]
[5052][2550,(39, 0),5049,O,1345,59,0]
[5055][2551,(40, 0),5052,S,1346,58,0]
[5057][2552,(41, 0),5055,S,1347,57,0]
[5059][2553,(41, 1),5057,E,1348,56,0]
[5060][2554,(40, 1),5059,N,1349,57,0]
[5064][2555,(40, 2),5060,E,1350,56,0]
[5067][2556,(40, 3),5064,E,1351,55,0]
[5070][2559,(39, 3),5067,N,1352,56,0]
[5075][2561,(39, 4),5070,E,1353,55,0]
[5079][2565,(39, 5),5075,E,1354,54,0]
[5083][2566,(39, 6),5079,E,1355,53,0]
[5089][2567,(38, 6),5083,N,1356,54,0]
[5093][2570,(37, 6),5089,N,1357,55,0]
[5096][2573,(37, 7),5093,E,1358,54,0]
[5100][2577,(37, 8),5096,E,1359,53,0]
[5104][2579,(37, 9),5100,E,1360,52,0]
[5107][2580,(37, 10),5104,E,1361,51,0]
[5109][2581,(37, 11),5107,E,1362,50,0]
[5112][2583,(36, 11),5109,N,1363,51,0]
[5117][2586,(36, 12),5112,E,1364,50,0]
[5125][2587,(37, 12),5117,S,1365,49,0]
[5129][2589,(38, 12),5125,S,1366,48,0]
[5136][2592,(38, 11),5129,O,1367,49,0]
[5140][2595,(38, 10),5136,O,1368,50,0]
[5144][2596,(38, 9),5140,O,1369,51,0]
[5146][2597,(39, 9),5144,S,1370,50,0]
[5150][2598,(39, 8),5146,O,1371,51,0]
[5152][2601,(40, 8),5150,S,1372,50,0]
[5155][2602,(40, 7),5152,O,1373,51,0]
[5159][2603,(40, 6),5155,O,1374,52,0]
[5170][2604,(41, 6),5159,S,1375,51,0]
[5173][2605,(41, 5),5170,O,1376,52,0]
[5176][2606,(42, 5),5173,S,1377,51,0]
[5191][2607,(42, 4),5176,O,1378,52,0]
[5194][2608,(42, 3),5191,O,1379,53,0]
[5197][2610,(42, 2),5194,O,1380,54,0]
[5201][2611,(42, 1),5197,O,1381,55,0]
[5207][2612,(43, 1),5201,S,1382,54,0]
[5211][2613,(43, 0),5207,O,1383,55,0]
[5214][2614,(44, 0),5211,S,1384,54,0]
[5217][2616,(44, 1),5214,E,1385,53,0]
[5220][2619,(44, 2),5217,E,1386,52,0]
[5223][2620,(45, 2),5220,S,1387,51,0]
[5227][2621,(45, 1),5223,O,1388,52,0]
[5231][2622,(45, 0),5227,O,1389,53,0]
[5234][2623,(46, 0),5231,S,1390,52,0]
[5236][2626,(46, 1),5234,E,1391,51,0]
[5238][2627,(47, 1),5236,S,1392,50,0]
[5242][2628,(47, 0),5238,O,1393,51,0]
[5244][2631,(48, 0),5242,S,1394,50,0]
[5246][2632,(48, 1),5244,E,1395,49,0]
[5249][2636,(48, 2),5246,E,1396,48,0]
[5253][2637,(48, 3),5249,E,1397,47,0]
[5257][2638,(47, 3),5253,N,1398,48,0]
[5261][2639,(47, 4),5257,E,1399,47,0]
[5263][2641,(47, 5),5261,E,1400,46,0]
[5266][2644,(46, 5),5263,N,1401,47,0]
[5269][2645,(45, 5),5266,N,1402,48,0]
[5275][2646,(45, 4),5269,O,1403,49,0]
[5276][2647,(44, 4),5275,N,1404,50,0]
[5280][2651,(43, 4),5276,N,1405,51,0]
[5285][2652,(43, 5),5280,E,1406,50,0]
[5288][2653,(43, 6),5285,E,1407,49,0]
[5290][2656,(42, 6),5288,N,1408,50,0]
[5294][2659,(42, 7),5290,E,1409,49,0]
[5297][2660,(43, 7),5294,S,1410,48,0]
[5300][2661,(43, 8),5297,E,1411,47,0]
[5303][2662,(42, 8),5300,N,1412,48,0]
[5306][2663,(42, 9),5303,E,1413,47,0]
[5308][2664,(41, 9),5306,N,1414,48,0]
[5312][2665,(40, 9),5308,N,1415,49,0]
[5317][2666,(40, 10),5312,E,1416,48,0]
[5320][2667,(39, 10),5317,N,1417,49,0]
[5324][2670,(39, 11),5320,E,1418,48,0]
[5328][2673,(39, 12),5324,E,1419,47,0]
[5332][2674,(39, 13),5328,E,1420,46,0]
[5335][2675,(38, 13),5332,N,1421,47,0]
[5338][2677,(38, 14),5335,E,1422,46,0]
[5341][2678,(39, 14),5338,S,1423,45,0]
[5344][2679,(39, 15),5341,E,1424,44,0]
[5347][2681,(38, 15),5344,N,1425,45,0]
[5351][2683,(37, 15),5347,N,1426,46,0]
[5355][2684,(37, 16),5351,E,1427,45,0]
[5358][2685,(37, 17),5355,E,1428,44,0]
[5362][2688,(37, 18),5358,E,1429,43,0]
[5365][2689,(36, 18),5362,N,1430,44,0]
[5369][2690,(36, 19),5365,E,1431,43,0]
[5372][2692,(35, 19),5369,N,1432,44,0]
[5377][2694,(35, 20),5372,E,1433,43,0]
[5389][2697,(34, 20),5377,N,1434,44,0]
[5393][2700,(34, 21),5389,E,1435,43,0]
[5396][2703,(35, 21),5393,S,1436,42,0]
[5399][2707,(35, 22),5396,E,1437,41,0]
[5402][2709,(35, 23),5399,E,1438,40,0]
[5406][2711,(34, 23),5402,N,1439,41,0]
[5410][2713,(34, 24),5406,E,1440,40,0]
[5413][2714,(34, 25),5410,E,1441,39,0]
[5417][2717,(34, 26),5413,E,1442,38,0]
[5421][2719,(34, 27),5417,E,1443,37,0]
[5424][2723,(33, 27),5421,N,1444,38,0]
[5427][2724,(32, 27),5424,N,1445,39,0]
[5432][2725,(32, 28),5427,E,1446,38,0]
[5434][2726,(32, 29),5432,E,1447,37,0]
[5438][2729,(32, 30),5434,E,1448,36,0]
[5441][2730,(31, 30),5438,N,1449,37,0]
[5446][2731,(31, 31),5441,E,1450,36,0]
[5450][2734,(31, 32),5446,E,1451,35,0]
[5452][2735,(31, 33),5450,E,1452,34,0]
[5455][2736,(30, 33),5452,N,1453,35,0]
[5459][2740,(30, 34),5455,E,1454,34,0]
[5462][2741,(29, 34),5459,N,1455,35,0]
[5465][2742,(29, 35),5462,E,1456,34,0]
[5471][2746,(30, 35),5465,S,1457,33,0]
[5474][2750,(30, 36),5471,E,1458,32,0]
[5476][2751,(29, 36),5474,N,1459,33,0]
[5481][2754,(29, 37),5476,E,1460,32,0]
[5484][2756,(29, 38),5481,E,1461,31,0]
[5487][2759,(29, 39),5484,E,1462,30,0]
[5490][2760,(28, 39),5487,N,1463,31,0]
[5494][2761,(27, 39),5490,N,1464,32,0]
[5498][2762,(27, 40),5494,E,1465,31,0]
[5500][2764,(26, 40),5498,N,1466,32,0]
[5505][2765,(26, 41),5500,E,1467,31,0]
[5508][2766,(26, 42),5505,E,1468,30,0]
[5512][2767,(26, 43),5508,E,1469,29,0]
[5515][2770,(26, 44),5512,E,1470,28,0]
[5519][2771,(26, 45),5515,E,1471,27,0]
[5524][2773,(25, 45),5519,N,1472,28,0]
[5529][2774,(25, 46),5524,E,1473,27,0]
[5531][2776,(24, 46),5529,N,1474,28,0]
[5535][2777,(23, 46),5531,N,1475,29,0]
[5538][2781,(22, 46),5535,N,1476,30,0]
[5542][2783,(22, 47),5538,E,1477,29,0]
[5544][2784,(21, 47),5542,N,1478,30,0]
[5547][2786,(21, 48),5544,E,1479,29,0]
[5550][2787,(21, 49),5547,E,1480,28,0]
[5554][2790,(22, 49),5550,S,1481,27,0]
[5558][2791,(22, 48),5554,O,1482,28,0]
[5561][2792,(23, 48),5558,S,1483,27,0]
[5565][2795,(23, 47),5561,O,1484,28,0]
[5568][2797,(24, 47),5565,S,1485,27,0]
[5571][2798,(24, 48),5568,E,1486,26,0]
[5575][2799,(25, 48),5571,S,1487,25,0]
[5586][2803,(25, 47),5575,O,1488,26,0]
[5589][2806,(26, 47),5586,S,1489,25,0]
[5594][2809,(26, 46),5589,O,1490,26,0]
[5597][2810,(27, 46),5594,S,1491,25,0]
[5602][2812,(27, 45),5597,O,1492,26,0]
[5606][2813,(27, 44),5602,O,1493,27,0]
[5608][2816,(28, 44),5606,S,1494,26,0]
[5612][2817,(28, 43),5608,O,1495,27,0]
[5615][2818,(29, 43),5612,S,1496,26,0]
[5621][2821,(29, 42),5615,O,1497,27,0]
[5622][2824,(28, 42),5621,N,1498,28,0]
[5626][2827,(27, 42),5622,N,1499,29,0]
[5631][2829,(27, 41),5626,O,1500,30,0]
[5634][2832,(28, 41),5631,S,1501,29,0]
[5638][2833,(28, 40),5634,O,1502,30,0]
[5641][2835,(29, 40),5638,S,1503,29,0]
[5644][2836,(29, 41),5641,E,1504,28,0]
[5648][2838,(30, 41),5644,S,1505,27,0]
[5653][2839,(30, 40),5648,O,1506,28,0]
[5656][2841,(31, 40),5653,S,1507,27,0]
[5662][2843,(31, 39),5656,O,1508,28,0]
[5665][2844,(31, 38),5662,O,1509,29,0]
[5666][2848,(30, 38),5665,N,1510,30,0]
[5672][2852,(30, 37),5666,O,1511,31,0]
[5675][2856,(31, 37),5672,S,1512,30,0]
[5679][2857,(31, 36),5675,O,1513,31,0]
[5683][2861,(31, 35),5679,O,1514,32,0]
[5687][2865,(31, 34),5683,O,1515,33,0]
[5690][2866,(32, 34),5687,S,1516,32,0]
[5695][2868,(32, 33),5690,O,1517,33,0]
[5699][2869,(32, 32),5695,O,1518,34,0]
[5703][2871,(32, 31),5699,O,1519,35,0]
[5705][2872,(33, 31),5703,S,1520,34,0]
[5710][2875,(33, 30),5705,O,1521,35,0]
[5714][2876,(33, 29),5710,O,1522,36,0]
[5718][2877,(33, 28),5714,O,1523,37,0]
[5721][2878,(34, 28),5718,S,1524,36,0]
[5724][2880,(34, 29),5721,E,1525,35,0]
[5728][2884,(34, 30),5724,E,1526,34,0]
[5732][2887,(34, 31),5728,E,1527,33,0]
[5736][2888,(35, 31),5732,S,1528,32,0]
[5741][2891,(35, 30),5736,O,1529,33,0]
[5745][2895,(35, 29),5741,O,1530,34,0]
[5749][2898,(35, 28),5745,O,1531,35,0]
[5752][2901,(35, 27),5749,O,1532,36,0]
[5755][2902,(35, 26),5752,O,1533,37,0]
[5759][2906,(35, 25),5755,O,1534,38,0]
[5763][2908,(35, 24),5759,O,1535,39,0]
[5766][2911,(36, 24),5763,S,1536,38,0]
[5770][2913,(36, 23),5766,O,1537,39,0]
[5773][2914,(36, 22),5770,O,1538,40,0]
[5775][2915,(37, 22),5773,S,1539,39,0]
[5779][2916,(37, 21),5775,O,1540,40,0]
[5780][2917,(36, 21),5779,N,1541,41,0]
[5786][2918,(36, 20),5780,O,1542,42,0]
[5789][2921,(37, 20),5786,S,1543,41,0]
[5794][2924,(37, 19),5789,O,1544,42,0]
[5797][2925,(38, 19),5794,S,1545,41,0]
[5800][2926,(39, 19),5797,S,1546,40,0]
[5804][2929,(39, 18),5800,O,1547,41,0]
[5807][2930,(39, 17),5804,O,1548,42,0]
[5813][2934,(39, 16),5807,O,1549,43,0]
[5818][2937,(40, 16),5813,S,1550,42,0]
[5826][2938,(40, 15),5818,O,1551,43,0]
[5830][2941,(40, 14),5826,O,1552,44,0]
[5833][2942,(40, 13),5830,O,1553,45,0]
[5835][2943,(40, 12),5833,O,1554,46,0]
[5838][2945,(41, 12),5835,S,1555,45,0]
[5842][2946,(41, 11),5838,O,1556,46,0]
[5846][2947,(41, 10),5842,O,1557,47,0]
[5851][2950,(42, 10),5846,S,1558,46,0]
[5854][2951,(42, 11),5851,E,1559,45,0]
[5858][2952,(43, 11),5854,S,1560,44,0]
[5862][2953,(43, 10),5858,O,1561,45,0]
[5866][2954,(43, 9),5862,O,1562,46,0]
[5869][2955,(44, 9),5866,S,1563,45,0]
[5873][2956,(44, 8),5869,O,1564,46,0]
[5876][2957,(45, 8),5873,S,1565,45,0]
[5882][2959,(45, 7),5876,O,1566,46,0]
[5885][2962,(45, 6),5882,O,1567,47,0]
[5888][2963,(46, 6),5885,S,1568,46,0]
[5896][2964,(46, 7),5888,E,1569,45,0]
[5900][2968,(46, 8),5896,E,1570,44,0]
[5904][2971,(46, 9),5900,E,1571,43,0]
[5907][2973,(46, 10),5904,E,1572,42,0]
[5910][2974,(45, 10),5907,N,1573,43,0]
[5913][2975,(44, 10),5910,N,1574,44,0]
[5917][2977,(44, 11),5913,E,1575,43,0]
[5921][2978,(44, 12),5917,E,1576,42,0]
[5923][2981,(43, 12),5921,N,1577,43,0]
[5927][2984,(42, 12),5923,N,1578,44,0]
[5931][2986,(42, 13),5927,E,1579,43,0]
[5933][2987,(41, 13),5931,N,1580,44,0]
[5937][2988,(41, 14),5933,E,1581,43,0]
[5940][2989,(41, 15),5937,E,1582,42,0]
[5943][2991,(41, 16),5940,E,1583,41,0]
[5947][2995,(41, 17),5943,E,1584,40,0]
[5950][2997,(40, 17),5947,N,1585,41,0]
[5955][2999,(40, 18),5950,E,1586,40,0]
[5958][3000,(40, 19),5955,E,1587,39,0]
[5962][3001,(40, 20),5958,E,1588,38,0]
[5964][3005,(39, 20),5962,N,1589,39,0]
[5968][3008,(38, 20),5964,N,1590,40,0]
[5973][3009,(38, 21),5968,E,1591,39,0]
[5976][3010,(39, 21),5973,S,1592,38,0]
[5979][3011,(39, 22),5976,E,1593,37,0]
[5982][3013,(38, 22),5979,N,1594,38,0]
[5987][3015,(38, 23),5982,E,1595,37,0]
[5989][3016,(38, 24),5987,E,1596,36,0]
[5992][3017,(37, 24),5989,N,1597,37,0]
[5997][3020,(37, 25),5992,E,1598,36,0]
[6003][3021,(37, 26),5997,E,1599,35,0]
[6008][3024,(37, 27),6003,E,1600,34,0]
[6011][3025,(36, 27),6008,N,1601,35,0]
[6015][3026,(36, 28),6011,E,1602,34,0]
[6017][3027,(36, 29),6015,E,1603,33,0]
[6021][3029,(36, 30),6017,E,1604,32,0]
[6025][3031,(36, 31),6021,E,1605,31,0]
[6029][3033,(37, 31),6025,S,1606,30,0]
[6033][3034,(37, 30),6029,O,1607,31,0]
[6037][3037,(37, 29),6033,O,1608,32,0]
[6041][3040,(37, 28),6037,O,1609,33,0]
[6044][3041,(38, 28),6041,S,1610,32,0]
[6049][3042,(38, 27),6044,O,1611,33,0]
[6052][3044,(38, 26),6049,O,1612,34,0]
[6055][3045,(39, 26),6052,S,1613,33,0]
[6057][3048,(40, 26),6055,S,1614,32,0]
[6061][3049,(40, 25),6057,O,1615,33,0]
[6062][3051,(39, 25),6061,N,1616,34,0]
[6067][3054,(39, 24),6062,O,1617,35,0]
[6072][3055,(40, 24),6067,S,1618,34,0]
[6079][3056,(40, 23),6072,O,1619,35,0]
[6081][3057,(40, 22),6079,O,1620,36,0]
[6085][3061,(40, 21),6081,O,1621,37,0]
[6088][3062,(41, 21),6085,S,1622,36,0]
[6092][3064,(41, 20),6088,O,1623,37,0]
[6096][3065,(41, 19),6092,O,1624,38,0]
[6098][3066,(41, 18),6096,O,1625,39,0]
[6101][3067,(42, 18),6098,S,1626,38,0]
[6106][3069,(42, 17),6101,O,1627,39,0]
[6110][3070,(42, 16),6106,O,1628,40,0]
[6114][3071,(42, 15),6110,O,1629,41,0]
[6117][3072,(43, 15),6114,S,1630,40,0]
[6122][3073,(43, 16),6117,E,1631,39,0]
[6131][3074,(43, 17),6122,E,1632,38,0]
[6135][3076,(43, 18),6131,E,1633,37,0]
[6139][3079,(43, 19),6135,E,1634,36,0]
[6142][3082,(42, 19),6139,N,1635,37,0]
[6146][3085,(42, 20),6142,E,1636,36,0]
[6150][3086,(42, 21),6146,E,1637,35,0]
[6153][3087,(42, 22),6150,E,1638,34,0]
[6156][3088,(41, 22),6153,N,1639,35,0]
[6161][3089,(41, 23),6156,E,1640,34,0]
[6164][3090,(41, 24),6161,E,1641,33,0]
[6167][3091,(41, 25),6164,E,1642,32,0]
[6169][3092,(41, 26),6167,E,1643,31,0]
[6172][3096,(41, 27),6169,E,1644,30,0]
[6175][3097,(40, 27),6172,N,1645,31,0]
[6179][3098,(39, 27),6175,N,1646,32,0]
[6184][3099,(39, 28),6179,E,1647,31,0]
[6187][3103,(39, 29),6184,E,1648,30,0]
[6190][3104,(38, 29),6187,N,1649,31,0]
[6193][3107,(38, 30),6190,E,1650,30,0]
[6197][3109,(39, 30),6193,S,1651,29,0]
[6200][3110,(40, 30),6197,S,1652,28,0]
[6204][3111,(40, 29),6200,O,1653,29,0]
[6207][3112,(40, 28),6204,O,1654,30,0]
[6210][3113,(41, 28),6207,S,1655,29,0]
[6213][3115,(41, 29),6210,E,1656,28,0]
[6216][3116,(41, 30),6213,E,1657,27,0]
[6220][3118,(41, 31),6216,E,1658,26,0]
[6223][3119,(40, 31),6220,N,1659,27,0]
[6227][3121,(39, 31),6223,N,1660,28,0]
[6231][3122,(38, 31),6227,N,1661,29,0]
[6234][3123,(38, 32),6231,E,1662,28,0]
[6236][3127,(37, 32),6234,N,1663,29,0]
[6240][3130,(37, 33),6236,E,1664,28,0]
[6242][3131,(36, 33),6240,N,1665,29,0]
[6246][3132,(35, 33),6242,N,1666,30,0]
[6251][3134,(35, 34),6246,E,1667,29,0]
[6264][3135,(34, 34),6251,N,1668,30,0]
[6269][3137,(34, 35),6264,E,1669,29,0]
[6273][3138,(33, 35),6269,N,1670,30,0]
[6277][3139,(33, 36),6273,E,1671,29,0]
[6279][3140,(32, 36),6277,N,1672,30,0]
[6284][3141,(32, 37),6279,E,1673,29,0]
[6290][3143,(32, 38),6284,E,1674,28,0]
[6294][3145,(32, 39),6290,E,1675,27,0]
[6298][3147,(32, 40),6294,E,1676,26,0]
[6301][3149,(32, 41),6298,E,1677,25,0]
[6304][3150,(32, 42),6301,E,1678,24,0]
[6310][3154,(31, 42),6304,N,1679,25,0]
[6315][3158,(31, 43),6310,E,1680,24,0]
[6320][3162,(30, 43),6315,N,1681,25,0]
[6325][3163,(30, 44),6320,E,1682,24,0]
[6327][3165,(30, 45),6325,E,1683,23,0]
[6330][3166,(29, 45),6327,N,1684,24,0]
[6334][3168,(29, 46),6330,E,1685,23,0]
[6343][3171,(28, 46),6334,N,1686,24,0]
[6348][3172,(28, 47),6343,E,1687,23,0]
[6351][3173,(28, 48),6348,E,1688,22,0]
[6356][3174,(27, 48),6351,N,1689,23,0]
[6360][3176,(26, 48),6356,N,1690,24,0]
[6364][3179,(26, 49),6360,E,1691,23,0]
[6367][3181,(27, 49),6364,S,1692,22,0]
[6370][3182,(28, 49),6367,S,1693,21,0]
[6373][3183,(29, 49),6370,S,1694,20,0]
[6376][3187,(29, 48),6373,O,1695,21,0]
[6380][3188,(29, 47),6376,O,1696,22,0]
[6382][3191,(30, 47),6380,S,1697,21,0]
[6387][3194,(30, 46),6382,O,1698,22,0]
[6390][3196,(31, 46),6387,S,1699,21,0]
[6394][3197,(31, 45),6390,O,1700,22,0]
[6397][3200,(31, 44),6394,O,1701,23,0]
[6400][3201,(32, 44),6397,S,1702,22,0]
[6405][3204,(32, 43),6400,O,1703,23,0]
[6408][3207,(33, 43),6405,S,1704,22,0]
[6413][3211,(33, 42),6408,O,1705,23,0]
[6417][3215,(33, 41),6413,O,1706,24,0]
[6421][3216,(33, 40),6417,O,1707,25,0]
[6423][3217,(33, 39),6421,O,1708,26,0]
[6426][3218,(34, 39),6423,S,1709,25,0]
[6429][3221,(34, 38),6426,O,1710,26,0]
[6430][3222,(33, 38),6429,N,1711,27,0]
[6435][3226,(33, 37),6430,O,1712,28,0]
[6438][3228,(34, 37),6435,S,1713,27,0]
[6441][3231,(35, 37),6438,S,1714,26,0]
[6445][3232,(35, 36),6441,O,1715,27,0]
[6449][3235,(35, 35),6445,O,1716,28,0]
[6455][3236,(36, 35),6449,S,1717,27,0]
[6458][3237,(36, 36),6455,E,1718,26,0]
[6465][3238,(36, 37),6458,E,1719,25,0]
[6468][3239,(36, 38),6465,E,1720,24,0]
[6471][3243,(37, 38),6468,S,1721,23,0]
[6475][3244,(37, 37),6471,O,1722,24,0]
[6479][3245,(37, 36),6475,O,1723,25,0]
[6482][3248,(37, 35),6479,O,1724,26,0]
[6486][3249,(37, 34),6482,O,1725,27,0]
[6488][3250,(38, 34),6486,S,1726,26,0]
[6491][3253,(38, 35),6488,E,1727,25,0]
[6498][3254,(38, 36),6491,E,1728,24,0]
[6501][3258,(38, 37),6498,E,1729,23,0]
[6505][3259,(38, 38),6501,E,1730,22,0]
[6509][3262,(38, 39),6505,E,1731,21,0]
[6511][3265,(37, 39),6509,N,1732,22,0]
[6515][3267,(36, 39),6511,N,1733,23,0]
[6518][3269,(36, 40),6515,E,1734,22,0]
[6520][3270,(35, 40),6518,N,1735,23,0]
[6523][3272,(34, 40),6520,N,1736,24,0]
[6526][3273,(34, 41),6523,E,1737,23,0]
[6529][3277,(34, 42),6526,E,1738,22,0]
[6532][3278,(34, 43),6529,E,1739,21,0]
[6536][3280,(34, 44),6532,E,1740,20,0]
[6538][3281,(33, 44),6536,N,1741,21,0]
[6542][3282,(33, 45),6538,E,1742,20,0]
[6545][3283,(32, 45),6542,N,1743,21,0]
[6550][3285,(32, 46),6545,E,1744,20,0]
[6554][3286,(33, 46),6550,S,1745,19,0]
[6557][3288,(34, 46),6554,S,1746,18,0]
[6560][3289,(34, 47),6557,E,1747,17,0]
[6565][3290,(33, 47),6560,N,1748,18,0]
[6569][3294,(32, 47),6565,N,1749,19,0]
[6572][3295,(32, 48),6569,E,1750,18,0]
[6574][3296,(31, 48),6572,N,1751,19,0]
[6578][3298,(30, 48),6574,N,1752,20,0]
[6583][3300,(30, 49),6578,E,1753,19,0]
[6586][3301,(31, 49),6583,S,1754,18,0]
[6589][3303,(32, 49),6586,S,1755,17,0]
[6592][3305,(33, 49),6589,S,1756,16,0]
[6595][3308,(33, 48),6592,O,1757,17,0]
[6598][3312,(34, 48),6595,S,1758,16,0]
[6602][3315,(35, 48),6598,S,1759,15,0]
[6608][3318,(35, 47),6602,O,1760,16,0]
[6612][3321,(35, 46),6608,O,1761,17,0]
[6616][3322,(35, 45),6612,O,1762,18,0]
[6619][3323,(35, 44),6616,O,1763,19,0]
[6623][3324,(35, 43),6619,O,1764,20,0]
[6625][3325,(35, 42),6623,O,1765,21,0]
[6629][3326,(35, 41),6625,O,1766,22,0]
[6631][3328,(36, 41),6629,S,1767,21,0]
[6633][3329,(36, 42),6631,E,1768,20,0]
[6637][3330,(36, 43),6633,E,1769,19,0]
[6640][3332,(36, 44),6637,E,1770,18,0]
[6644][3333,(36, 45),6640,E,1771,17,0]
[6648][3334,(36, 46),6644,E,1772,16,0]
[6652][3335,(37, 46),6648,S,1773,15,0]
[6657][3336,(37, 45),6652,O,1774,16,0]
[6661][3339,(37, 44),6657,O,1775,17,0]
[6664][3340,(37, 43),6661,O,1776,18,0]
[6668][3342,(37, 42),6664,O,1777,19,0]
[6671][3344,(37, 41),6668,O,1778,20,0]
[6675][3345,(37, 40),6671,O,1779,21,0]
[6677][3346,(38, 40),6675,S,1780,20,0]
[6680][3350,(38, 41),6677,E,1781,19,0]
[6684][3353,(38, 42),6680,E,1782,18,0]
[6687][3357,(38, 43),6684,E,1783,17,0]
[6691][3358,(39, 43),6687,S,1784,16,0]
[6695][3359,(39, 42),6691,O,1785,17,0]
[6699][3362,(39, 41),6695,O,1786,18,0]
[6703][3366,(39, 40),6699,O,1787,19,0]
[6706][3367,(40, 40),6703,S,1788,18,0]
[6712][3369,(40, 39),6706,O,1789,19,0]
[6714][3370,(40, 38),6712,O,1790,20,0]
[6715][3372,(39, 38),6714,N,1791,21,0]
[6719][3373,(39, 37),6715,O,1792,22,0]
[6722][3376,(40, 37),6719,S,1793,21,0]
[6725][3377,(40, 36),6722,O,1794,22,0]
[6726][3378,(39, 36),6725,N,1795,23,0]
[6732][3380,(39, 35),6726,O,1796,24,0]
[6734][3382,(40, 35),6732,S,1797,23,0]
[6741][3384,(40, 34),6734,O,1798,24,0]
[6743][3386,(40, 33),6741,O,1799,25,0]
[6746][3389,(41, 33),6743,S,1800,24,0]
[6755][3390,(41, 34),6746,E,1801,23,0]
[6760][3391,(42, 34),6755,S,1802,22,0]
[6764][3392,(42, 33),6760,O,1803,23,0]
[6768][3393,(42, 32),6764,O,1804,24,0]
[6770][3394,(42, 31),6768,O,1805,25,0]
[6774][3397,(42, 30),6770,O,1806,26,0]
[6778][3399,(42, 29),6774,O,1807,27,0]
[6782][3402,(42, 28),6778,O,1808,28,0]
[6785][3405,(42, 27),6782,O,1809,29,0]
[6789][3406,(42, 26),6785,O,1810,30,0]
[6793][3407,(42, 25),6789,O,1811,31,0]
[6796][3408,(42, 24),6793,O,1812,32,0]
[6798][3409,(43, 24),6796,S,1813,31,0]
[6801][3410,(43, 23),6798,O,1814,32,0]
[6805][3412,(43, 22),6801,O,1815,33,0]
[6812][3415,(43, 21),6805,O,1816,34,0]
[6816][3418,(43, 20),6812,O,1817,35,0]
[6819][3422,(44, 20),6816,S,1818,34,0]
[6822][3426,(45, 20),6819,S,1819,33,0]
[6826][3429,(45, 19),6822,O,1820,34,0]
[6830][3430,(45, 18),6826,O,1821,35,0]
[6833][3432,(44, 18),6830,N,1822,36,0]
[6838][3434,(44, 17),6833,O,1823,37,0]
[6841][3435,(45, 17),6838,S,1824,36,0]
[6847][3438,(46, 17),6841,S,1825,35,0]
[6851][3439,(46, 16),6847,O,1826,36,0]
[6852][3443,(45, 16),6851,N,1827,37,0]
[6856][3445,(45, 15),6852,O,1828,38,0]
[6860][3447,(45, 14),6856,O,1829,39,0]
[6866][3448,(45, 13),6860,O,1830,40,0]
[6869][3452,(45, 12),6866,O,1831,41,0]
[6872][3453,(46, 12),6869,S,1832,40,0]
[6876][3455,(46, 11),6872,O,1833,41,0]
[6879][3459,(47, 11),6876,S,1834,40,0]
[6884][3460,(47, 10),6879,O,1835,41,0]
[6887][3462,(48, 10),6884,S,1836,40,0]
[6891][3464,(48, 9),6887,O,1837,41,0]
[6892][3467,(47, 9),6891,N,1838,42,0]
[6898][3470,(47, 8),6892,O,1839,43,0]
[6902][3471,(47, 7),6898,O,1840,44,0]
[6906][3472,(47, 6),6902,O,1841,45,0]
[6909][3473,(48, 6),6906,S,1842,44,0]
[6914][3477,(48, 5),6909,O,1843,45,0]
[6916][3479,(49, 5),6914,S,1844,44,0]
[6922][3481,(49, 6),6916,E,1845,43,0]
[6932][3482,(49, 7),6922,E,1846,42,0]
[6934][3483,(49, 8),6932,E,1847,41,0]
[6937][3484,(49, 9),6934,E,1848,40,0]
[6947][3486,(49, 10),6937,E,1849,39,0]
[6950][3489,(49, 11),6947,E,1850,38,0]
[6952][3492,(49, 12),6950,E,1851,37,0]
[6954][3495,(48, 12),6952,N,1852,38,0]
[6957][3496,(48, 13),6954,E,1853,37,0]
[6962][3497,(47, 13),6957,N,1854,38,0]
[6966][3501,(46, 13),6962,N,1855,39,0]
[6970][3504,(46, 14),6966,E,1856,38,0]
[6973][3506,(46, 15),6970,E,1857,37,0]
[6977][3507,(47, 15),6973,S,1858,36,0]
[6980][3509,(47, 16),6977,E,1859,35,0]
[6983][3511,(47, 17),6980,E,1860,34,0]
[6986][3512,(47, 18),6983,E,1861,33,0]
[6989][3515,(47, 19),6986,E,1862,32,0]
[6992][3516,(46, 19),6989,N,1863,33,0]
[6997][3517,(46, 20),6992,E,1864,32,0]
[7003][3521,(46, 21),6997,E,1865,31,0]
[7006][3525,(45, 21),7003,N,1866,32,0]
[7010][3529,(45, 22),7006,E,1867,31,0]
[7013][3530,(44, 22),7010,N,1868,32,0]
[7017][3534,(44, 23),7013,E,1869,31,0]
[7020][3537,(44, 24),7017,E,1870,30,0]
[7023][3538,(45, 24),7020,S,1871,29,0]
[7027][3540,(45, 23),7023,O,1872,30,0]
[7030][3542,(46, 23),7027,S,1873,29,0]
[7033][3543,(46, 24),7030,E,1874,28,0]
[7038][3544,(46, 25),7033,E,1875,27,0]
[7041][3545,(45, 25),7038,N,1876,28,0]
[7045][3546,(44, 25),7041,N,1877,29,0]
[7050][3547,(44, 26),7045,E,1878,28,0]
[7061][3548,(44, 27),7050,E,1879,27,0]
[7064][3552,(45, 27),7061,S,1880,26,0]
[7067][3554,(45, 28),7064,E,1881,25,0]
[7073][3555,(44, 28),7067,N,1882,26,0]
[7077][3556,(43, 28),7073,N,1883,27,0]
[7081][3557,(43, 29),7077,E,1884,26,0]
[7084][3561,(43, 30),7081,E,1885,25,0]
[7088][3562,(43, 31),7084,E,1886,24,0]
[7091][3563,(44, 31),7088,S,1887,23,0]
[7096][3564,(44, 30),7091,O,1888,24,0]
[7098][3566,(44, 29),7096,O,1889,25,0]
[7101][3567,(45, 29),7098,S,1890,24,0]
[7104][3569,(46, 29),7101,S,1891,23,0]
[7109][3570,(46, 28),7104,O,1892,24,0]
[7112][3574,(46, 27),7109,O,1893,25,0]
[7115][3577,(47, 27),7112,S,1894,24,0]
[7120][3579,(47, 28),7115,E,1895,23,0]
[7124][3580,(47, 29),7120,E,1896,22,0]
[7127][3581,(47, 30),7124,E,1897,21,0]
[7130][3582,(46, 30),7127,N,1898,22,0]
[7133][3584,(45, 30),7130,N,1899,23,0]
[7137][3588,(45, 31),7133,E,1900,22,0]
[7140][3589,(45, 32),7137,E,1901,21,0]
[7143][3590,(44, 32),7140,N,1902,22,0]
[7146][3594,(43, 32),7143,N,1903,23,0]
[7150][3596,(43, 33),7146,E,1904,22,0]
[7153][3597,(43, 34),7150,E,1905,21,0]
[7156][3600,(43, 35),7153,E,1906,20,0]
[7160][3601,(43, 36),7156,E,1907,19,0]
[7168][3605,(42, 36),7160,N,1908,20,0]
[7171][3607,(41, 36),7168,N,1909,21,0]
[7174][3610,(41, 37),7171,E,1910,20,0]
[7176][3612,(41, 38),7174,E,1911,19,0]
[7179][3613,(41, 39),7176,E,1912,18,0]
[7182][3615,(41, 40),7179,E,1913,17,0]
[7186][3617,(42, 40),7182,S,1914,16,0]
[7191][3620,(42, 39),7186,O,1915,17,0]
[7195][3621,(42, 38),7191,O,1916,18,0]
[7198][3625,(43, 38),7195,S,1917,17,0]
[7204][3626,(43, 37),7198,O,1918,18,0]
[7206][3627,(44, 37),7204,S,1919,17,0]
[7211][3628,(44, 36),7206,O,1920,18,0]
[7214][3629,(44, 35),7211,O,1921,19,0]
[7217][3630,(45, 35),7214,S,1922,18,0]
[7221][3631,(45, 34),7217,O,1923,19,0]
[7222][3634,(44, 34),7221,N,1924,20,0]
[7228][3638,(44, 33),7222,O,1925,21,0]
[7231][3639,(45, 33),7228,S,1926,20,0]
[7235][3641,(46, 33),7231,S,1927,19,0]
[7237][3642,(46, 34),7235,E,1928,18,0]
[7365][3644,(47, 34),7237,S,1929,17,0]
[7370][3648,(47, 33),7365,O,1930,18,0]
[7373][3651,(48, 33),7370,S,1931,17,0]
[7375][3652,(48, 34),7373,E,1932,16,0]
[7377][3654,(48, 35),7375,E,1933,15,0]
[7380][3655,(47, 35),7377,N,1934,16,0]
[7385][3656,(47, 36),7380,E,1935,15,0]
[7390][3657,(46, 36),7385,N,1936,16,0]
[7394][3660,(45, 36),7390,N,1937,17,0]
[7398][3661,(45, 37),7394,E,1938,16,0]
[7402][3665,(45, 38),7398,E,1939,15,0]
[7405][3666,(44, 38),7402,N,1940,16,0]
[7408][3669,(44, 39),7405,E,1941,15,0]
[7411][3672,(43, 39),7408,N,1942,16,0]
[7416][3674,(43, 40),7411,E,1943,15,0]
[7420][3677,(43, 41),7416,E,1944,14,0]
[7422][3678,(42, 41),7420,N,1945,15,0]
[7426][3680,(41, 41),7422,N,1946,16,0]
[7430][3684,(40, 41),7426,N,1947,17,0]
[7434][3686,(40, 42),7430,E,1948,16,0]
[7437][3687,(40, 43),7434,E,1949,15,0]
[7441][3688,(40, 44),7437,E,1950,14,0]
[7445][3692,(40, 45),7441,E,1951,13,0]
[7449][3694,(39, 45),7445,N,1952,14,0]
[7453][3695,(38, 45),7449,N,1953,15,0]
[7457][3697,(38, 46),7453,E,1954,14,0]
[7462][3701,(38, 47),7457,E,1955,13,0]
[7465][3702,(37, 47),7462,N,1956,14,0]
[7469][3705,(36, 47),7465,N,1957,15,0]
[7474][3706,(36, 48),7469,E,1958,14,0]
[7477][3707,(36, 49),7474,E,1959,13,0]
[7480][3708,(37, 49),7477,S,1960,12,0]
[7484][3709,(37, 48),7480,O,1961,13,0]
[7487][3710,(38, 48),7484,S,1962,12,0]
[7490][3711,(38, 49),7487,E,1963,11,0]
[7493][3712,(39, 49),7490,S,1964,10,0]
[7496][3713,(40, 49),7493,S,1965,9,0]
[7499][3714,(40, 48),7496,O,1966,10,0]
[7502][3717,(40, 47),7499,O,1967,11,0]
[7506][3718,(41, 47),7502,S,1968,10,0]
[7519][3719,(41, 46),7506,O,1969,11,0]
[7522][3723,(41, 45),7519,O,1970,12,0]
[7526][3727,(41, 44),7522,O,1971,13,0]
[7530][3728,(41, 43),7526,O,1972,14,0]
[7534][3730,(41, 42),7530,O,1973,15,0]
[7537][3731,(42, 42),7534,S,1974,14,0]
[7540][3733,(42, 43),7537,E,1975,13,0]
[7544][3736,(43, 43),7540,S,1976,12,0]
[7549][3739,(43, 42),7544,O,1977,13,0]
[7552][3740,(44, 42),7549,S,1978,12,0]
[7557][3741,(44, 41),7552,O,1979,13,0]
[7561][3742,(44, 40),7557,O,1980,14,0]
[7563][3746,(45, 40),7561,S,1981,13,0]
[7568][3747,(45, 39),7563,O,1982,14,0]
[7571][3748,(46, 39),7568,S,1983,13,0]
[7575][3751,(46, 38),7571,O,1984,14,0]
[7579][3752,(46, 37),7575,O,1985,15,0]
[7582][3753,(47, 37),7579,S,1986,14,0]
[7585][3754,(47, 38),7582,E,1987,13,0]
[7589][3755,(47, 39),7585,E,1988,12,0]
[7593][3756,(47, 40),7589,E,1989,11,0]
[7596][3757,(47, 41),7593,E,1990,10,0]
[7602][3758,(47, 42),7596,E,1991,9,0]
[7605][3761,(47, 43),7602,E,1992,8,0]
[7607][3762,(46, 43),7605,N,1993,9,0]
[7611][3766,(45, 43),7607,N,1994,10,0]
[7614][3767,(44, 43),7611,N,1995,11,0]
[7619][3770,(44, 44),7614,E,1996,10,0]
[7622][3771,(43, 44),7619,N,1997,11,0]
[7627][3772,(43, 45),7622,E,1998,10,0]
[7632][3774,(42, 45),7627,N,1999,11,0]
[7637][3778,(42, 46),7632,E,2000,10,0]
[7640][3779,(42, 47),7637,E,2001,9,0]
[7644][3781,(42, 48),7640,E,2002,8,0]
[7646][3783,(41, 48),7644,N,2003,9,0]
[7649][3785,(41, 49),7646,E,2004,8,0]
[7653][3786,(42, 49),7649,S,2005,7,0]
[7656][3788,(43, 49),7653,S,2006,6,0]
[7659][3791,(43, 48),7656,O,2007,7,0]
[7663][3794,(43, 47),7659,O,2008,8,0]
[7665][3797,(44, 47),7663,S,2009,7,0]
[7669][3798,(44, 46),7665,O,2010,8,0]
[7671][3799,(44, 45),7669,O,2011,9,0]
[7674][3803,(45, 45),7671,S,2012,8,0]
[7679][3804,(45, 44),7674,O,2013,9,0]
[7682][3807,(46, 44),7679,S,2014,8,0]
[7685][3811,(46, 45),7682,E,2015,7,0]
[7688][3812,(46, 46),7685,E,2016,6,0]
[7692][3814,(46, 47),7688,E,2017,5,0]
[7700][3816,(46, 48),7692,E,2018,4,0]
[7704][3817,(46, 49),7700,E,2019,3,0]
[7713][3821,(47, 49),7704,S,2020,2,0]
[7717][3822,(47, 48),7713,O,2021,3,0]
[7720][3823,(48, 48),7717,S,2022,2,0]
[7727][3824,(48, 47),7720,O,2023,3,0]
[7729][3827,(49, 47),7727,S,2024,2,0]
[7733][3830,(49, 48),7729,E,2025,1,0]
[7759][3831,(49, 49),7733,E,2026,0,0]
