[id][cost,state,father_id,action,depth,h,value]
[0][0,(0, 0),None,None,0,98,0]
[1][2,(1, 0),0,S,1,97,1.0]
[3][4,(1, 1),1,E,2,96,2.0]
[6][7,(1, 2),3,E,3,95,3.0]
[10][11,(1, 3),6,E,4,94,4.0]
[15][15,(1, 4),10,E,5,93,5.0]
[21][16,(2, 4),15,S,6,92,6.0]
[27][17,(2, 5),21,E,7,91,7.0]
[35][20,(2, 6),27,E,8,90,8.0]
[44][21,(2, 7),35,E,9,89,9.0]
[54][24,(2, 8),44,E,10,88,10.0]
[65][26,(2, 9),54,E,11,87,11.0]
[76][27,(2, 10),65,E,12,86,12.0]
[90][30,(3, 10),76,S,13,85,13.0]
[104][31,(3, 11),90,E,14,84,14.0]
[118][32,(4, 11),104,S,15,83,15.0]
[132][33,(4, 12),118,E,16,82,16.0]
[146][35,(5, 12),132,S,17,81,17.0]
[161][38,(5, 13),146,E,18,80,18.0]
[181][42,(5, 14),161,E,19,79,19.0]
[203][43,(5, 15),181,E,20,78,20.0]
[223][45,(5, 16),203,E,21,77,21.0]
[242][46,(5, 17),223,E,22,76,22.0]
[264][47,(5, 18),242,E,23,75,23.0]
[286][51,(5, 19),264,E,24,74,24.0]
[309][52,(5, 20),286,E,25,73,25.0]
[333][55,(5, 21),309,E,26,72,26.0]
[357][56,(5, 22),333,E,27,71,27.0]
[383][58,(5, 23),357,E,28,70,28.0]
[409][60,(6, 23),383,S,29,69,29.0]
[437][61,(6, 24),409,E,30,68,30.0]
[468][64,(6, 25),437,E,31,67,31.0]
[498][66,(6, 26),468,E,32,66,32.0]
[529][67,(7, 26),498,S,33,65,33.0]
[561][69,(7, 27),529,E,34,64,34.0]
[592][73,(7, 28),561,E,35,63,35.0]
[625][75,(8, 28),592,S,36,62,36.0]
[661][76,(9, 28),625,S,37,61,37.0]
[693][80,(9, 29),661,E,38,60,38.0]
[726][83,(10, 29),693,S,39,59,39.0]
[763][84,(10, 30),726,E,40,58,40.0]
[801][85,(10, 31),763,E,41,57,41.0]
[838][86,(10, 32),801,E,42,56,42.0]
[875][87,(10, 33),838,E,43,55,43.0]
[915][90,(11, 33),875,S,44,54,44.0]
[961][93,(12, 33),915,S,45,53,45.0]
[1011][94,(13, 33),961,S,46,52,46.0]
[1058][97,(13, 34),1011,E,47,51,47.0]
[1102][98,(14, 34),1058,S,48,50,48.0]
[1148][100,(15, 34),1102,S,49,49,49.0]
[1196][102,(16, 34),1148,S,50,48,50.0]
[1243][105,(17, 34),1196,S,51,47,51.0]
[1292][106,(17, 35),1243,E,52,46,52.0]
[1343][107,(17, 36),1292,E,53,45,53.0]
[1397][108,(18, 36),1343,S,54,44,54.0]
[1454][109,(19, 36),1397,S,55,43,55.0]
[1506][110,(20, 36),1454,S,56,42,56.0]
[1554][111,(20, 37),1506,E,57,41,57.0]
[1608][112,(21, 37),1554,S,58,40,58.0]
[1662][114,(22, 37),1608,S,59,39,59.0]
[1712][117,(22, 38),1662,E,60,38,60.0]
[1760][119,(22, 39),1712,E,61,37,61.0]
[1804][120,(23, 39),1760,S,62,36,62.0]
[1844][124,(23, 40),1804,E,63,35,63.0]
[1880][126,(24, 40),1844,S,64,34,64.0]
[1912][128,(24, 41),1880,E,65,33,65.0]
[1945][129,(24, 42),1912,E,66,32,66.0]
[1975][130,(25, 42),1945,S,67,31,67.0]
[2004][131,(26, 42),1975,S,68,30,68.0]
[2038][132,(26, 43),2004,E,69,29,69.0]
[2069][133,(27, 43),2038,S,70,28,70.0]
[2098][134,(28, 43),2069,S,71,27,71.0]
[2128][135,(29, 43),2098,S,72,26,72.0]
[2155][139,(30, 43),2128,S,73,25,73.0]
[2179][140,(30, 44),2155,E,74,24,74.0]
[2204][143,(31, 44),2179,S,75,23,75.0]
[2226][144,(32, 44),2204,S,76,22,76.0]
[2248][145,(33, 44),2226,S,77,21,77.0]
[2272][147,(34, 44),2248,S,78,20,78.0]
[2294][148,(35, 44),2272,S,79,19,79.0]
[2312][149,(35, 45),2294,E,80,18,80.0]
[2332][150,(36, 45),2312,S,81,17,81.0]
[2352][151,(37, 45),2332,S,82,16,82.0]
[2368][152,(38, 45),2352,S,83,15,83.0]
[2383][154,(39, 45),2368,S,84,14,84.0]
[2399][158,(40, 45),2383,S,85,13,85.0]
[2414][162,(41, 45),2399,S,86,12,86.0]
[2426][164,(42, 45),2414,S,87,11,87.0]
[2438][165,(43, 45),2426,S,88,10,88.0]
[2450][166,(44, 45),2438,S,89,9,89.0]
[2459][170,(45, 45),2450,S,90,8,90.0]
[2467][172,(45, 46),2459,E,91,7,91.0]
[2476][173,(46, 46),2467,S,92,6,92.0]
[2480][175,(46, 47),2476,E,93,5,93.0]
[2485][177,(46, 48),2480,E,94,4,94.0]
[2490][178,(46, 49),2485,E,95,3,95.0]
[2493][182,(47, 49),2490,S,96,2,96.0]
[2496][183,(48, 49),2493,S,97,1,97.0]
[2500][184,(49, 49),2496,S,98,0,98.0]
