[id][cost,state,father_id,action,depth,h,value]
[0][0,(0, 0),None,None,0,18,0]
[2][3,(1, 0),0,S,1,17,20.0]
[6][4,(2, 0),2,S,2,16,20.0]
[7][5,(2, 1),6,E,3,15,20.0]
[9][6,(3, 1),7,S,4,14,20.0]
[11][7,(4, 1),9,S,5,13,20.0]
[15][8,(5, 1),11,S,6,12,20.0]
[18][11,(6, 1),15,S,7,11,22.0]
[30][12,(7, 1),18,S,8,10,22.0]
[31][13,(7, 2),30,E,9,9,22.0]
[33][14,(7, 3),31,E,10,8,22.0]
[36][17,(7, 4),33,E,11,7,24.0]
[53][20,(7, 5),36,E,12,6,26.0]
[59][21,(7, 6),53,E,13,5,26.0]
[61][22,(7, 7),59,E,14,4,26.0]
[63][23,(7, 8),61,E,15,3,26.0]
[65][25,(8, 8),63,S,16,2,27.0]
[73][27,(8, 9),65,E,17,1,28.0]
[90][30,(9, 9),73,S,18,0,30.0]
